generation,N_shifts,logPrior,logLik,eventRate,acceptRate
0,0,7.60937,-2378.88,0.557932,1
100000,1,7.76323,-2139.7,3.57429,0.235118
200000,0,5.70969,-2158.02,0.177149,0.159354
300000,1,8.55083,-2137.43,2.09808,0.27527
400000,1,10.3495,-2136.96,0.759636,0.222414
500000,1,7.96105,-2138.63,2.98316,0.242304
600000,1,7.86886,-2139.42,1.72935,0.28387
700000,1,9.84665,-2135.54,1.03174,0.28297
800000,4,29.9974,-2108.58,0.698955,0.228417
900000,1,9.35689,-2132.7,0.631515,0.28798
1000000,2,13.4859,-2124.94,0.779424,0.20716
1100000,1,7.24317,-2137.15,1.78413,0.280054
1200000,2,12.2536,-2125.58,3.84398,0.19926
1300000,2,13.4634,-2125.56,0.863314,0.19453
1400000,5,29.6294,-2107.46,6.57751,0.22816
1500000,5,34.9955,-2108.7,2.71855,0.22444
1600000,6,38.6979,-2113.91,3.02805,0.285896
1700000,4,23.4957,-2106.33,3.228,0.233539
1800000,8,51.5283,-2095.54,4.44904,0.343053
1900000,5,34.0728,-2118.43,3.86928,0.297197
2000000,6,36.3807,-2095.16,3.64178,0.345405
2100000,10,62.545,-2094.06,3.9284,0.33763
2200000,5,29.6042,-2101.7,2.48514,0.269015
2300000,4,26.0125,-2107.08,1.83481,0.28741
2400000,4,26.9244,-2105.69,2.55517,0.276363
2500000,3,20.2443,-2110.37,1.00848,0.227384
2600000,3,19.2622,-2109.68,2.71011,0.270326
2700000,3,19.1818,-2112.96,1.72515,0.25154
2800000,4,27.6417,-2122.02,2.40756,0.26896
2900000,3,21.4283,-2110.24,0.763087,0.18187
3000000,3,20.8042,-2114.29,1.19836,0.22371
3100000,3,18.2643,-2132.59,1.96151,0.250629
3200000,3,20.9682,-2107.89,0.615902,0.23814
3300000,3,18.5125,-2112.51,1.11209,0.275353
3400000,5,29.7399,-2114.33,3.85105,0.27357
3500000,13,83.2255,-2086.56,7.92714,0.283763
3600000,6,40.3697,-2119.14,3.95072,0.29432
3700000,3,19.4072,-2113.11,1.07488,0.233244
3800000,2,12.9823,-2117.68,0.470486,0.21327
3900000,4,23.6476,-2105.3,2.55986,0.26501
4000000,3,17.1879,-2118.4,3.0374,0.28611
4100000,1,9.36307,-2134.05,0.565343,0.246167
4200000,5,32.3649,-2103.98,2.01281,0.27194
4300000,3,19.0405,-2110.63,1.7599,0.23708
4400000,5,30.8823,-2108,2.99469,0.293945
4500000,3,18.4433,-2116.24,2.46951,0.25954
4600000,4,26.7128,-2109.6,1.62742,0.25724
4700000,4,28.0276,-2107.04,2.01535,0.27599
4800000,4,24.798,-2103.18,2.58851,0.24099
4900000,1,10.3329,-2137.37,0.704242,0.28516
5000000,3,16.4738,-2114.31,2.09104,0.250777
5100000,3,20.4134,-2109.05,1.65869,0.262444
5200000,4,28.601,-2117.97,1.46241,0.28938
5300000,4,23.9489,-2111.53,1.29394,0.314
5400000,4,24.2494,-2108.95,2.49759,0.281485
5500000,4,22.7324,-2118.2,2.97134,0.22519
5600000,6,35.7433,-2091.54,4.00684,0.30431
5700000,7,46.3011,-2088.2,1.37424,0.31208
5800000,5,31.543,-2097.51,1.58799,0.253522
5900000,6,37.8366,-2092.67,3.47112,0.30222
6000000,5,31.0169,-2105.95,2.50047,0.23662
6100000,7,38.4054,-2100.38,3.35297,0.32418
6200000,2,11.4929,-2116.9,2.58305,0.20891
6300000,2,17.4521,-2131.75,0.773541,0.288051
6400000,1,8.9977,-2133.27,1.02193,0.28357
6500000,6,37.4201,-2094.41,1.59714,0.335365
6600000,4,24.9375,-2111.04,4.60179,0.204575
6700000,3,18.2955,-2108.32,1.30847,0.217857
6800000,6,40.55,-2095.25,2.86855,0.338337
6900000,3,19.5765,-2115.38,2.61877,0.245392
7000000,10,60.5234,-2095.5,5.3908,0.328795
7100000,3,15.8317,-2108.31,3.95914,0.238995
7200000,7,47.3235,-2102.67,3.6705,0.317385
7300000,3,19.1847,-2111.11,2.81017,0.247815
7400000,3,21.0251,-2112.68,1.23925,0.296165
7500000,8,48.8233,-2096.3,7.07058,0.311862
7600000,5,30.6413,-2106.22,2.60835,0.31556
7700000,4,27.6149,-2109.48,2.00654,0.2735
7800000,5,31.7593,-2107.41,1.42822,0.231576
7900000,5,27.176,-2103.25,4.5487,0.296763
8000000,3,18.1713,-2111.73,1.84369,0.244827
8100000,4,22.8236,-2108.02,3.23159,0.24043
8200000,4,31.8468,-2123.29,1.10066,0.217347
8300000,4,27.8711,-2110.93,3.02103,0.24811
8400000,3,19.9817,-2107.69,1.78923,0.21412
8500000,4,23.9754,-2107.6,0.858544,0.234942
8600000,4,22.532,-2113.35,4.60456,0.25759
8700000,4,27.123,-2106.49,2.00129,0.23364
8800000,5,33.3084,-2118.45,3.8949,0.215633
8900000,3,18.498,-2111.94,3.07524,0.268792
9000000,2,12.1647,-2115.71,1.52291,0.20863
9100000,4,24.4308,-2107.68,1.89681,0.261564
9200000,4,22.1977,-2114.88,3.17978,0.249364
9300000,3,19.4842,-2111.93,1.48879,0.247835
9400000,4,26.6204,-2110.3,2.22254,0.22357
9500000,3,19.0021,-2114.43,2.05425,0.236217
9600000,3,22.001,-2118.95,0.969261,0.201385
9700000,3,14.1773,-2108.54,3.17876,0.27672
9800000,5,34.1888,-2110.47,3.59588,0.256351
9900000,4,23.1118,-2114.74,4.0315,0.20859
10000000,3,19.6468,-2112.51,2.24888,0.222823
10100000,6,35.0093,-2097.61,3.0371,0.25951
10200000,2,12.804,-2118.87,1.74086,0.218858
10300000,5,28.1983,-2099.13,2.49874,0.251348
10400000,3,19.4201,-2112.59,2.62223,0.260842
10500000,3,22.2135,-2116.4,1.11265,0.21526
10600000,4,25.2322,-2111.47,2.61328,0.21977
10700000,3,15.2896,-2109.06,4.29981,0.24252
10800000,2,13.4732,-2118.48,1.7361,0.230685
10900000,3,18.9673,-2107.73,2.07774,0.217975
11000000,3,18.4008,-2109.78,2.35495,0.24638
11100000,4,31.3448,-2116.1,0.969802,0.261232
11200000,4,22.6379,-2100.49,2.346,0.28306
11300000,3,15.6844,-2110.84,4.79377,0.23052
11400000,2,13.8645,-2122.26,0.660318,0.23096
11500000,4,29.4893,-2118.49,1.40857,0.239618
11600000,5,30.3023,-2108.76,6.21769,0.230279
11700000,3,14.29,-2109.51,5.27581,0.24508
11800000,4,25.7015,-2106.27,2.53346,0.275877
11900000,3,20.1288,-2108.02,1.42978,0.224809
12000000,5,32.5053,-2106.55,4.02594,0.31388
12100000,3,18.9107,-2112.8,2.15805,0.221204
12200000,5,36.0752,-2119.96,3.52954,0.25645
12300000,7,45.4489,-2097.26,4.90157,0.30743
12400000,5,33.1356,-2110.33,2.27349,0.25069
12500000,6,36.6554,-2087.11,3.90033,0.331965
12600000,2,11.6668,-2118.51,0.986592,0.16973
12700000,6,38.8051,-2092.26,3.05611,0.31941
12800000,7,45.8555,-2098.92,2.60229,0.33172
12900000,3,21.2462,-2116.79,1.601,0.229012
13000000,4,29.2811,-2113.93,1.80939,0.26759
13100000,3,20.1942,-2115.02,0.946276,0.215105
13200000,4,24.9585,-2108.9,3.47161,0.328568
13300000,4,20.1609,-2110.75,3.67935,0.30573
13400000,2,14.1205,-2124.46,1.78403,0.247947
13500000,5,31.2274,-2100.89,4.51176,0.299505
13600000,4,28.1842,-2125.67,1.74352,0.190112
13700000,9,60.9252,-2101.68,3.20372,0.3119
13800000,2,14.2785,-2117.41,0.513041,0.22915
13900000,3,18.977,-2109.34,0.885456,0.27072
14000000,5,31.5688,-2110.15,5.15906,0.237463
14100000,4,26.3522,-2119.36,2.86812,0.2428
14200000,2,11.2606,-2115.45,2.66748,0.230061
14300000,2,14.0326,-2119.89,1.12606,0.15356
14400000,3,16.3346,-2111.01,1.47605,0.244837
14500000,5,34.8397,-2118.9,2.5743,0.20705
14600000,2,11.3235,-2117.74,2.5221,0.25192
14700000,2,12.6448,-2123.72,2.77955,0.16234
14800000,4,22.7837,-2112.3,4.66934,0.26134
14900000,3,18.6658,-2118.97,3.54221,0.185995
15000000,5,30.7759,-2119.46,3.61163,0.21723
15100000,4,26.7634,-2105.27,2.77689,0.225616
15200000,1,9.98973,-2137.05,0.633607,0.266853
15300000,1,9.80221,-2140.28,1.47017,0.28816
15400000,3,18.3342,-2112.22,3.55131,0.244897
15500000,4,27.7976,-2108.98,2.62309,0.22844
15600000,3,22.2399,-2108.55,0.788527,0.24117
15700000,3,19.5655,-2111.19,1.75586,0.21219
15800000,3,22.0857,-2109.78,1.50639,0.267233
15900000,4,24.9484,-2114.31,2.17964,0.2651
16000000,4,25.4126,-2104.19,2.97317,0.235035
16100000,3,20.2883,-2109.48,1.11502,0.21934
16200000,4,24.3165,-2116.23,3.25852,0.21276
16300000,4,23.772,-2111.27,2.76561,0.24842
16400000,6,36.968,-2109.4,1.12943,0.263455
16500000,3,20.4766,-2112.57,1.4027,0.266707
16600000,3,22.6334,-2116.89,1.10005,0.24457
16700000,5,26.7866,-2100.07,5.13139,0.277175
16800000,4,25.6426,-2108.32,2.92008,0.258755
16900000,8,47.2547,-2096.37,5.02392,0.345735
17000000,3,17.4647,-2108.16,2.11942,0.24764
17100000,4,28.3836,-2118.8,2.02538,0.243571
17200000,3,19.9185,-2117.62,3.1236,0.2342
17300000,3,22.4127,-2112.48,0.74149,0.22662
17400000,5,28.7324,-2113.97,3.73102,0.306628
17500000,4,24.9179,-2105.16,3.35426,0.239171
17600000,3,18.3758,-2113.95,2.57955,0.27952
17700000,3,21.1328,-2121.38,1.3098,0.19995
17800000,4,26.8021,-2113.22,3.71727,0.23796
17900000,4,28.4241,-2110.73,1.43291,0.21782
18000000,5,27.81,-2104.83,1.97634,0.300481
18100000,4,26.5322,-2109.97,1.37439,0.229395
18200000,7,44.3736,-2099.97,4.67159,0.33415
18300000,3,20.8791,-2114.77,1.37035,0.235406
18400000,3,14.6499,-2109.53,1.47666,0.213133
18500000,3,21.3962,-2109.75,0.615835,0.222866
18600000,3,20.0792,-2119.13,2.3342,0.236485
18700000,4,26.4878,-2106.66,2.89521,0.22566
18800000,4,18.5841,-2106.64,6.89741,0.281873
18900000,5,33.2621,-2105.72,1.42334,0.30449
19000000,3,20.3766,-2114.08,0.72794,0.23354
19100000,4,25.7817,-2116.54,1.16147,0.197568
19200000,8,47.1831,-2092.19,4.12998,0.323353
19300000,4,27.8071,-2110.32,2.83081,0.234245
19400000,3,17.5138,-2107.35,3.83351,0.287824
19500000,3,20.8895,-2109,2.32997,0.24807
19600000,5,30.7194,-2109.91,1.82002,0.25979
19700000,3,17.4104,-2108.6,3.51884,0.245043
19800000,4,22.6191,-2107.54,2.26384,0.266155
19900000,3,19.6266,-2110.5,1.10202,0.24687
20000000,3,16.3448,-2108.07,2.47549,0.24297
20100000,4,27.6539,-2115.26,1.45455,0.31687
20200000,3,19.2894,-2107.74,2.14898,0.25728
20300000,4,29.0104,-2107.86,2.27661,0.249247
20400000,3,21.0558,-2114.54,2.00283,0.217335
20500000,3,19.7987,-2105.21,1.84915,0.22511
20600000,4,23.6623,-2111.26,4.07726,0.2262
20700000,2,9.97254,-2117.7,3.97934,0.216863
20800000,2,11.3573,-2121.19,1.4085,0.19993
20900000,3,19.9263,-2114.06,3.02209,0.259244
21000000,3,17.9923,-2118.03,1.56862,0.29683
21100000,4,25.7641,-2103.87,2.49945,0.225442
21200000,4,30.3891,-2118.47,0.743813,0.24467
21300000,4,26.3573,-2107.07,3.17029,0.250353
21400000,3,19.192,-2109.98,1.64846,0.23855
21500000,3,19.3973,-2108.49,2.24157,0.23469
21600000,2,15.3983,-2124.84,0.964814,0.260508
21700000,3,22.3221,-2110.33,1.53367,0.275317
21800000,5,32.2623,-2107.65,4.44476,0.24416
21900000,4,26.6772,-2106.3,1.62586,0.216385
22000000,5,26.2523,-2104.2,3.36026,0.248445
22100000,1,6.92079,-2134.31,2.58354,0.254196
22200000,3,21.1183,-2109.95,0.820295,0.222837
22300000,3,18.2625,-2108.41,1.45869,0.24391
22400000,3,20.5731,-2108.9,1.38207,0.24758
22500000,2,13.3851,-2117.35,0.561367,0.228335
22600000,3,21.4334,-2119.06,2.10585,0.237186
22700000,3,17.2064,-2110.46,2.23258,0.250417
22800000,4,25.8474,-2105.25,2.56052,0.252133
22900000,6,38.9082,-2103.43,4.10461,0.31699
23000000,9,60.7701,-2095.28,4.22717,0.293877
23100000,4,18.019,-2105.61,1.20249,0.333025
23200000,4,26.2382,-2125.32,1.64871,0.26206
23300000,6,38.5377,-2120.76,4.15453,0.270394
23400000,3,19.5307,-2111.2,2.15732,0.235623
23500000,7,40.8386,-2100.37,4.25309,0.270617
23600000,5,28.4193,-2106.39,4.31723,0.26944
23700000,6,37.8123,-2106.01,5.24977,0.33402
23800000,8,47.2721,-2082.69,5.31105,0.3116
23900000,4,22.9455,-2108.32,4.06378,0.32092
24000000,6,44.196,-2108.11,0.923429,0.34444
24100000,5,33.3682,-2121.82,3.03644,0.302555
24200000,7,44.4663,-2099.46,3.88204,0.28127
24300000,7,43.284,-2090.86,3.0797,0.323853
24400000,5,27.9055,-2110.05,3.75152,0.30456
24500000,3,20.2783,-2125.22,0.820668,0.28245
24600000,7,46.0178,-2091.62,2.12478,0.303563
24700000,8,54.6055,-2082.32,3.50312,0.32027
24800000,6,40.0398,-2101.83,3.75181,0.317232
24900000,3,15.4136,-2108.83,1.73679,0.244815
25000000,6,36.0255,-2088.18,3.16013,0.31695
25100000,6,40.7994,-2111.06,1.57628,0.33684
25200000,7,46.1081,-2102.77,2.61131,0.321943
25300000,4,26.5978,-2122.09,3.07774,0.34596
25400000,3,18.5296,-2109.38,3.69807,0.238456
25500000,4,26.9581,-2118.88,2.00437,0.308205
25600000,7,49.049,-2109.58,3.80446,0.248069
25700000,8,46.81,-2100.02,10.3697,0.3155
25800000,7,49.4132,-2100.8,2.78414,0.34605
25900000,3,19.8878,-2116.12,2.51041,0.238475
26000000,6,37.9042,-2085.69,4.43321,0.321275
26100000,2,11.6922,-2120.55,0.144614,0.187183
26200000,3,18.9027,-2110.95,2.48515,0.314134
26300000,5,28.7115,-2101.26,3.13773,0.284723
26400000,3,19.1254,-2112.08,2.18766,0.255584
26500000,3,17.2475,-2106.48,2.34421,0.169148
26600000,3,21.459,-2108.28,1.39521,0.25307
26700000,3,21.2537,-2114.66,1.01178,0.25718
26800000,2,12.365,-2128.41,0.274084,0.23297
26900000,6,38.6935,-2097.87,4.62699,0.24303
27000000,9,60.0967,-2104.36,2.36797,0.34321
27100000,3,19.3719,-2111.98,3.29494,0.245617
27200000,4,25.0391,-2108.01,0.841396,0.23321
27300000,4,27.2776,-2113.08,1.20627,0.25967
27400000,3,20.9501,-2107.36,1.09103,0.269669
27500000,3,19.0614,-2110.99,4.41772,0.269615
27600000,3,19.8204,-2109.88,2.17701,0.25103
27700000,6,35.471,-2113.81,4.70346,0.268345
27800000,4,26.451,-2110.27,2.72275,0.2683
27900000,3,18.7911,-2113.9,1.16369,0.25043
28000000,4,23.3421,-2106.45,3.55448,0.248152
28100000,4,20.7212,-2110.36,5.45449,0.23924
28200000,4,22.0566,-2117.03,3.17446,0.25261
28300000,3,16.9458,-2109.14,1.52586,0.24469
28400000,3,21.3281,-2109.11,0.737502,0.23927
28500000,3,16.104,-2110.29,1.96682,0.235129
28600000,4,27.6748,-2106.72,1.99016,0.245899
28700000,4,28.3775,-2116.72,2.58756,0.294256
28800000,3,18.5198,-2106.98,4.32071,0.257875
28900000,4,25.3935,-2104.21,1.72354,0.232767
29000000,2,13.1216,-2119.35,1.44121,0.26613
29100000,3,16.6871,-2113.63,2.08539,0.2211
29200000,3,18.9304,-2108.08,2.70912,0.262215
29300000,3,20.9501,-2119.52,2.86008,0.223075
29400000,5,33.0393,-2111.11,2.15613,0.294325
29500000,4,21.7572,-2105.62,2.39777,0.27595
29600000,5,32.7254,-2111.71,2.51507,0.227573
29700000,3,20.272,-2107.16,2.64615,0.25251
29800000,5,33.3452,-2104.17,3.37276,0.247163
29900000,2,14.8102,-2119.28,1.19748,0.227145
30000000,3,21.996,-2117.01,2.07646,0.256358
30100000,3,19.6875,-2106.09,2.18692,0.25822
30200000,3,19.2171,-2107.61,2.01745,0.252402
30300000,2,9.80414,-2114.55,2.25171,0.261621
30400000,3,14.7973,-2119.88,3.75754,0.166962
30500000,5,25.588,-2106.13,4.71026,0.247317
30600000,5,26.8475,-2103.34,2.71362,0.22023
30700000,3,24.4746,-2121.24,0.72048,0.298152
30800000,3,17.8368,-2107.69,2.84006,0.23266
30900000,5,29.4884,-2106.31,3.65205,0.330745
31000000,4,22.4381,-2106.96,4.19687,0.263818
31100000,6,43.5986,-2100.88,1.94417,0.334345
31200000,5,29.3326,-2116.11,3.27975,0.24743
31300000,6,36.74,-2093.72,3.41064,0.3187
31400000,6,40.2784,-2114.59,3.88362,0.286515
31500000,7,39.5117,-2090.79,8.50046,0.331855
31600000,3,19.1539,-2107.52,2.23851,0.253045
31700000,5,32.9465,-2120.2,4.41899,0.27242
31800000,5,27.3795,-2103.32,4.60343,0.225764
31900000,1,9.89514,-2132.54,0.2509,0.195275
32000000,7,43.099,-2098.37,3.77494,0.308943
32100000,7,41.9526,-2092.23,2.93962,0.29645
32200000,3,15.5923,-2108.02,3.9155,0.263701
32300000,4,26.5382,-2111.21,2.88099,0.223244
32400000,3,20.1544,-2114.68,1.70474,0.21145
32500000,3,18.1714,-2106.86,1.69648,0.227517
32600000,3,15.6073,-2117.82,3.29598,0.250414
32700000,3,19.3146,-2108.66,1.3243,0.251335
32800000,3,20.4003,-2119.49,2.29052,0.170165
32900000,8,46.7877,-2094.58,6.814,0.338467
33000000,3,18.7204,-2108.29,2.88336,0.21141
33100000,3,16.6475,-2119.39,2.82489,0.21675
33200000,6,39.6557,-2107.16,2.84363,0.338037
33300000,4,23.9034,-2103.65,2.17253,0.32442
33400000,4,26.707,-2113.91,2.5274,0.200239
33500000,3,17.9525,-2106.39,1.3667,0.194655
33600000,5,27.4293,-2103.64,3.55356,0.26193
33700000,3,16.6772,-2106.32,1.65682,0.221787
33800000,3,14.1133,-2109.33,0.926932,0.18948
33900000,3,18.9733,-2123.65,2.47394,0.24466
34000000,2,12.9357,-2119.93,1.85987,0.248548
34100000,3,20.0902,-2107.88,1.49088,0.226313
34200000,4,25.4149,-2104.71,4.39742,0.2505
34300000,4,24.3152,-2109.79,3.20317,0.228873
34400000,6,41.099,-2087.86,2.65466,0.32335
34500000,8,54.0219,-2099.97,2.85818,0.31937
34600000,6,37.5264,-2083.41,3.48087,0.30946
34700000,7,43.2782,-2083.75,3.05836,0.3242
34800000,8,43.2502,-2089.41,4.72753,0.287006
34900000,8,51.365,-2089.43,5.35759,0.318265
35000000,6,39.9289,-2087.72,3.08453,0.30128
35100000,3,18.5407,-2116.84,1.6697,0.196921
35200000,3,17.2426,-2106.38,2.02764,0.2838
35300000,3,18.4301,-2115.84,2.69076,0.211741
35400000,2,14.4813,-2119.31,0.89707,0.244245
35500000,7,45.3686,-2113.44,2.52022,0.20649
35600000,3,17.8681,-2108.65,2.64477,0.25186
35700000,3,19.7138,-2108.14,2.44045,0.24713
35800000,3,21.6787,-2111.2,1.04306,0.215444
35900000,3,17.4528,-2109.3,0.544523,0.217213
36000000,4,28.0691,-2120.42,1.92184,0.26134
36100000,5,33.3253,-2107.61,1.47088,0.28211
36200000,3,17.2307,-2106.45,2.92586,0.223947
36300000,3,16.5036,-2109.41,2.54277,0.259003
36400000,4,29.32,-2106.81,0.364531,0.216395
36500000,3,22.4645,-2115.64,1.36192,0.25952
36600000,2,13.1778,-2116.56,1.22683,0.187236
36700000,3,19.249,-2110.1,4.30402,0.271475
36800000,2,12.8807,-2116.42,1.5911,0.185762
36900000,5,27.5862,-2114.37,5.35248,0.255675
37000000,2,12.312,-2117.22,1.18804,0.140775
37100000,1,6.58393,-2136.91,0.165685,0.153634
37200000,4,25.5282,-2111.16,2.20352,0.310583
37300000,4,24.4335,-2105.39,2.97433,0.265668
37400000,4,28.767,-2110.99,0.48933,0.186998
37500000,6,38.0082,-2091.73,3.85461,0.312405
37600000,2,13.8899,-2119.35,1.63766,0.267108
37700000,7,37.2943,-2100.45,8.20298,0.266938
37800000,3,23.3179,-2112.98,0.942693,0.31842
37900000,6,37.9899,-2097.62,2.83122,0.292844
38000000,6,37.1975,-2105.73,4.04882,0.289357
38100000,4,23.051,-2111,3.58644,0.287077
38200000,3,19.9152,-2118.52,3.09194,0.2281
38300000,2,12.8588,-2127.29,2.79847,0.238953
38400000,2,11.8018,-2119.13,1.08365,0.212467
38500000,3,19.7435,-2111.33,1.8034,0.225033
38600000,2,15.692,-2130.52,1.33772,0.235273
38700000,4,29.2659,-2108.3,1.56055,0.22182
38800000,5,33.2751,-2110.14,3.28361,0.2398
38900000,3,21.3666,-2107.62,1.53837,0.2596
39000000,4,25.0859,-2110.08,2.01405,0.25988
39100000,1,8.24363,-2134.77,1.92618,0.270106
39200000,3,18.7594,-2118.49,1.12851,0.208388
39300000,3,16.2368,-2109.76,3.27827,0.218161
39400000,3,20.7701,-2118.07,1.77909,0.28651
39500000,4,26.9135,-2115.46,2.86417,0.274885
39600000,3,20.1372,-2108.09,1.13543,0.2729
39700000,2,11.4492,-2118.2,3.50102,0.250993
39800000,3,21.0886,-2104.95,0.606093,0.26144
39900000,2,11.1236,-2116.3,1.34843,0.167673
40000000,3,20.7474,-2112.12,0.860688,0.24338
40100000,3,19.0054,-2106.99,1.77682,0.21674
40200000,4,25.7412,-2101.66,1.69733,0.22945
40300000,4,25.3621,-2111.03,2.92433,0.271048
40400000,4,25.6287,-2116.19,3.52616,0.24203
40500000,5,27.8311,-2109.38,3.39516,0.217485
40600000,2,10.4571,-2116.7,3.1277,0.20006
40700000,1,9.46288,-2134.74,0.613365,0.239355
40800000,1,10.3794,-2135.78,0.258676,0.28739
40900000,4,26.2669,-2110.01,1.81358,0.257507
41000000,3,19.4844,-2109.58,2.81701,0.234217
41100000,4,26.661,-2113.42,2.08438,0.24469
41200000,1,8.18037,-2136.99,2.27682,0.289233
41300000,3,19.6858,-2110.93,3.90667,0.307031
41400000,2,14.1395,-2120.28,1.61395,0.23767
41500000,3,18.9407,-2118.41,1.75172,0.222692
41600000,4,28.8801,-2112.3,1.53623,0.25744
41700000,3,22.2338,-2123.92,1.44614,0.24206
41800000,3,17.6759,-2106.36,2.90359,0.20983
41900000,4,25.3085,-2109.14,0.869294,0.26875
42000000,4,27.6235,-2112.18,1.50849,0.27908
42100000,4,23.0971,-2116.99,0.759551,0.248935
42200000,4,18.4198,-2103.18,5.48412,0.243095
42300000,4,27.236,-2112.37,1.40666,0.254365
42400000,5,29.3284,-2113.01,5.08829,0.236398
42500000,2,9.63241,-2118.83,4.44193,0.273688
42600000,1,10.126,-2133.81,0.268338,0.261685
42700000,3,19.602,-2117.49,3.70148,0.255033
42800000,3,21.2178,-2109.95,1.92838,0.265974
42900000,5,35.7748,-2119.24,3.00298,0.23666
43000000,6,30.8183,-2099.57,2.46461,0.264644
43100000,3,22.8654,-2117.84,1.2751,0.257095
43200000,3,18.1791,-2112.44,3.09867,0.26569
43300000,3,18.3846,-2116.29,1.68726,0.241805
43400000,1,6.31742,-2136.43,1.41218,0.239492
43500000,3,20.4022,-2113.27,1.46964,0.21961
43600000,1,10.2618,-2136.45,0.291165,0.284885
43700000,3,20.5178,-2110.05,2.47944,0.235418
43800000,1,9.64818,-2140.01,1.37897,0.284565
43900000,2,13.1263,-2120.72,2.9983,0.26514
44000000,3,20.5772,-2118.29,1.69305,0.189128
44100000,2,13.123,-2121.35,1.04902,0.195575
44200000,4,25.5635,-2110.52,1.479,0.274139
44300000,3,20.6417,-2111.42,1.56296,0.27967
44400000,4,24.7966,-2108.2,0.963044,0.250941
44500000,8,52.3514,-2098.43,5.17924,0.29471
44600000,3,16.2705,-2128.84,1.98528,0.204305
44700000,3,15.7823,-2109.26,0.35608,0.22339
44800000,3,20.7795,-2111.2,1.47224,0.276802
44900000,7,47.6574,-2096.94,3.57059,0.346382
45000000,3,17.9249,-2114.54,5.9375,0.248805
45100000,4,26.2783,-2102.87,2.15681,0.28291
45200000,3,19.3358,-2107.44,2.20185,0.27208
45300000,2,14.9423,-2128.16,1.18085,0.206808
45400000,5,32.1207,-2108.43,2.91238,0.26065
45500000,3,18.8478,-2116.69,1.22272,0.233403
45600000,2,12.4839,-2119.27,0.880586,0.1979
45700000,4,26.8086,-2117.38,2.3953,0.264714
45800000,3,19.0828,-2109.47,0.641514,0.254855
45900000,4,28.1134,-2108.19,0.52654,0.25862
46000000,2,10.7762,-2114.74,1.75209,0.197862
46100000,5,30.5676,-2108.62,2.77301,0.268677
46200000,7,47.1101,-2109.4,2.35278,0.27362
46300000,3,20.5184,-2110.79,1.48782,0.216747
46400000,3,21.8535,-2113.18,1.66283,0.26846
46500000,2,14.6214,-2117.65,0.519897,0.281393
46600000,1,8.07121,-2133.91,1.62602,0.261124
46700000,3,20.8756,-2119.16,1.49522,0.253593
46800000,4,27.3095,-2115.54,2.83018,0.287144
46900000,5,34.1821,-2112.05,1.86487,0.29149
47000000,4,23.4921,-2103.07,4.64301,0.255057
47100000,4,30.6047,-2121.67,1.86767,0.25652
47200000,6,40.6246,-2111.65,4.19225,0.25179
47300000,3,21.4164,-2108.73,1.40422,0.225383
47400000,3,21.6221,-2117.96,2.52617,0.297368
47500000,3,20.4636,-2117.06,0.736797,0.245108
47600000,3,18.7888,-2113.16,3.19168,0.2791
47700000,4,19.2686,-2109.34,2.53421,0.253334
47800000,3,18.9882,-2110.71,2.20351,0.25657
47900000,3,18.5667,-2110.64,2.13781,0.212992
48000000,3,18.923,-2105.09,1.57889,0.237705
48100000,3,19.988,-2112.03,0.606969,0.258206
48200000,3,15.1734,-2108.02,3.28138,0.24779
48300000,3,14.2013,-2112.93,3.76577,0.252361
48400000,4,26.4664,-2107.55,1.44359,0.252023
48500000,3,16.146,-2103.9,1.88946,0.22008
48600000,3,20.9134,-2109.09,0.436405,0.247425
48700000,3,18.0751,-2108.19,1.14651,0.235715
48800000,4,24.8487,-2107.29,2.77428,0.25283
48900000,3,18.6531,-2110.5,3.43944,0.26093
49000000,5,28.355,-2109.88,1.2347,0.25714
49100000,6,41.8409,-2114.71,2.89449,0.26879
49200000,1,8.7225,-2133.9,1.64829,0.250349
49300000,3,20.4949,-2109.66,1.76482,0.219228
49400000,4,23.5538,-2103.71,2.94286,0.25593
49500000,4,22.9269,-2104.83,5.87413,0.242534
49600000,3,19.469,-2119.67,2.44486,0.258038
49700000,4,29.5714,-2110.37,1.28282,0.26804
49800000,5,32.1136,-2101.62,2.9905,0.3141
49900000,5,33.1665,-2104.52,4.18796,0.3214
50000000,3,19.3277,-2119.81,2.81387,0.304884
50100000,4,23.3281,-2109.58,0.937111,0.25507
50200000,5,34.4607,-2108.88,4.26386,0.207136
50300000,3,21.1804,-2119.41,1.89063,0.25484
50400000,3,21.0801,-2110.11,1.45508,0.274725
50500000,3,22.9509,-2110.11,1.03947,0.24486
50600000,3,18.8109,-2110.44,1.69482,0.252516
50700000,3,19.1514,-2106.35,2.21187,0.261007
50800000,7,39.0132,-2094.74,5.95372,0.28867
50900000,4,27.7883,-2113.57,1.70477,0.25806
51000000,6,37.9677,-2108.27,2.52391,0.3347
51100000,4,26.1905,-2106.18,2.02358,0.242296
51200000,7,44.1322,-2113.54,4.82241,0.256327
51300000,3,17.0545,-2110.83,2.41773,0.24711
51400000,4,22.39,-2110.22,3.87972,0.263577
51500000,3,21.8736,-2107.9,1.24975,0.236356
51600000,5,28.1785,-2096.41,3.1955,0.302577
51700000,4,26.976,-2107.53,1.64018,0.29814
51800000,3,16.7,-2119.56,2.09794,0.209475
51900000,5,32.8162,-2104.34,1.6862,0.262105
52000000,4,29.6135,-2109.22,1.13951,0.27364
52100000,5,32.0121,-2118.04,4.91862,0.2574
52200000,4,26.6966,-2111.8,3.3516,0.246787
52300000,2,8.68238,-2117.7,2.06099,0.251491
52400000,3,16.1123,-2120.68,0.91845,0.20231
52500000,4,27.7605,-2111.93,1.46902,0.225713
52600000,7,46.8561,-2094.78,4.44196,0.259229
52700000,3,18.084,-2107.98,1.96456,0.22765
52800000,9,53.3539,-2101.1,4.53961,0.349405
52900000,2,11.5999,-2117.43,1.48073,0.238182
53000000,3,16.4023,-2105.61,2.23583,0.23432
53100000,3,19.4611,-2115.18,3.34624,0.225905
53200000,4,27.2083,-2106.6,2.63179,0.295185
53300000,5,29.7894,-2102.13,4.6583,0.279477
53400000,6,30.23,-2104.2,6.18447,0.30068
53500000,4,28.9815,-2113.53,0.857642,0.233877
53600000,3,18.3111,-2110.05,1.30155,0.246315
53700000,6,39.0988,-2116.42,4.38262,0.296485
53800000,3,18.8837,-2106.66,1.52574,0.2935
53900000,6,40.4003,-2100.53,1.53299,0.295475
54000000,3,17.3381,-2103.15,0.724458,0.259815
54100000,2,13.8278,-2118.31,0.244399,0.244423
54200000,3,21.0138,-2106.15,2.21379,0.300777
54300000,5,27.7835,-2118.66,2.81889,0.22238
54400000,3,19.0602,-2105.98,1.72128,0.25624
54500000,6,39.6556,-2108.64,3.10652,0.257347
54600000,9,58.3804,-2090.42,5.60029,0.31835
54700000,3,22.659,-2112.31,0.74552,0.247653
54800000,4,26.1199,-2119.22,0.733838,0.2737
54900000,1,7.48386,-2133.79,1.58337,0.232144
55000000,4,27.4085,-2108.75,1.55997,0.27335
55100000,2,14.9641,-2116.85,0.929891,0.234237
55200000,3,20.0293,-2108.79,2.40897,0.23559
55300000,5,32.0082,-2107.3,3.30004,0.256233
55400000,3,20.9582,-2108.91,0.918638,0.270197
55500000,1,8.73135,-2133.66,0.759979,0.275933
55600000,2,12.5673,-2115.97,0.721606,0.19889
55700000,4,23.3406,-2108.37,3.40368,0.251713
55800000,2,13.7377,-2117.03,1.34952,0.22799
55900000,2,10.678,-2119.54,0.575922,0.150427
56000000,2,11.5265,-2122.63,0.617973,0.203169
56100000,3,16.1493,-2129.84,1.57723,0.203033
56200000,2,12.5757,-2115.33,1.55443,0.20906
56300000,3,20.5122,-2108.81,0.766791,0.227297
56400000,6,41.9392,-2096.32,1.48981,0.22919
56500000,2,13.7462,-2118.2,1.53118,0.21613
56600000,3,19.8102,-2120.41,2.69488,0.234383
56700000,3,19.5557,-2121.66,2.09015,0.211855
56800000,2,12.4686,-2116.16,1.9865,0.21164
56900000,3,21.9863,-2107.85,1.27147,0.215944
57000000,1,9.24798,-2135.75,1.16219,0.256138
57100000,1,6.66388,-2136.01,3.06497,0.27546
57200000,1,8.69228,-2136.09,0.777555,0.282588
57300000,5,30.6113,-2107.83,2.15388,0.213867
57400000,1,6.50963,-2133.57,1.57099,0.284645
57500000,1,8.2673,-2133.83,0.485966,0.29036
57600000,1,7.67726,-2134.17,1.62782,0.273108
57700000,3,19.8913,-2108.45,1.26918,0.214918
57800000,4,12.3245,-2114.68,4.02395,0.236807
57900000,3,19.3459,-2118.77,3.316,0.194443
58000000,5,26.2483,-2106.38,1.68301,0.223297
58100000,4,27.1543,-2111.74,3.1553,0.228285
58200000,3,18.7759,-2117.44,0.853447,0.23193
58300000,4,25.5469,-2108.22,1.87434,0.26227
58400000,2,13.1628,-2115.97,1.52393,0.22328
58500000,3,17.0521,-2105.87,2.58572,0.247425
58600000,3,19.7811,-2108.93,2.45059,0.220046
58700000,3,21.4054,-2115.43,2.00457,0.24136
58800000,4,16.5657,-2108.68,6.53158,0.244118
58900000,4,26.8876,-2114.14,1.33214,0.244858
59000000,4,25.6522,-2113.51,0.768807,0.257525
59100000,3,17.5312,-2111.77,2.12164,0.25862
59200000,4,25.667,-2112.13,1.41784,0.23945
59300000,4,28.2239,-2114.69,1.44263,0.24716
59400000,4,25.6104,-2118.71,1.93896,0.259651
59500000,3,19.2394,-2112.18,2.12633,0.228938
59600000,3,16.2219,-2113.92,3.09935,0.239453
59700000,2,15.0165,-2119.36,1.03076,0.212945
59800000,2,14.6638,-2117.28,0.766691,0.20984
59900000,5,33.0695,-2110.56,3.77008,0.24499
60000000,5,31.6205,-2105.98,3.36924,0.194927
60100000,4,26.2277,-2109.27,2.52346,0.202315
60200000,3,17.9152,-2113.82,1.80663,0.25074
60300000,4,21.1481,-2115.72,6.56137,0.246333
60400000,4,27.2376,-2107.66,3.89742,0.2467
60500000,3,19.1945,-2108.92,3.00909,0.226475
60600000,3,19.9546,-2111.03,1.32781,0.24268
60700000,5,36.3922,-2114.35,2.21651,0.272753
60800000,3,21.6847,-2121.84,2.48074,0.2723
60900000,3,19.4196,-2106.09,1.54758,0.19061
61000000,3,18.051,-2108.11,2.85552,0.22184
61100000,6,32.9709,-2102.81,5.82626,0.323743
61200000,5,29.7831,-2117.94,2.64993,0.22762
61300000,7,37.069,-2113.66,6.05908,0.281618
61400000,3,17.0892,-2106.46,1.74566,0.22057
61500000,4,27.6855,-2105.72,1.92407,0.25641
61600000,3,20.7014,-2112.09,0.819365,0.279897
61700000,4,26.5538,-2110.97,3.28315,0.24515
61800000,4,26.5648,-2106.22,2.77967,0.26417
61900000,3,20.2072,-2115.87,2.37582,0.253341
62000000,3,20.0084,-2115.65,2.39936,0.253252
62100000,3,22.7179,-2114.47,0.276588,0.249635
62200000,3,17.1592,-2108.22,2.81329,0.25269
62300000,1,10.1248,-2133.72,0.33086,0.21528
62400000,4,28.4351,-2121.92,0.742604,0.258873
62500000,1,10.0641,-2135.81,1.0318,0.272555
62600000,4,23.2619,-2106.04,3.05233,0.256578
62700000,3,19.9418,-2112.94,1.54692,0.245673
62800000,7,46.7851,-2111.77,3.72879,0.195116
62900000,3,17.9717,-2111.74,0.603182,0.25337
63000000,6,35.7012,-2099.07,3.9807,0.260553
63100000,6,36.6392,-2107.85,2.45094,0.30723
63200000,3,20.3804,-2107.45,2.64026,0.228437
63300000,3,21.0264,-2109.24,2.68843,0.250176
63400000,4,26.4698,-2116.61,4.37947,0.259847
63500000,6,36.612,-2105.22,4.6425,0.275682
63600000,4,27.1526,-2102,2.33722,0.23062
63700000,3,21.153,-2112.46,1.55891,0.23713
63800000,3,16.9642,-2108.35,1.48211,0.23767
63900000,3,20.8356,-2119.82,1.85455,0.24309
64000000,2,13.073,-2117.03,1.91906,0.20711
64100000,7,48.5196,-2099.61,3.89267,0.321613
64200000,5,32.5528,-2108.91,1.97124,0.226645
64300000,3,16.0625,-2113.87,3.33118,0.262034
64400000,1,9.17907,-2132.63,0.951366,0.188613
64500000,8,56.8762,-2084.61,2.3324,0.31802
64600000,5,32.1694,-2107.52,3.46248,0.284704
64700000,2,13.107,-2118.01,1.58974,0.196897
64800000,7,47.0208,-2112.81,1.00145,0.32011
64900000,2,13.4252,-2116.84,0.614223,0.227785
65000000,7,41.3336,-2095.21,7.35397,0.322172
65100000,6,38.1512,-2104.69,3.74827,0.308113
65200000,6,37.4797,-2110.27,4.29193,0.33848
65300000,1,7.92454,-2137.08,1.61201,0.217875
65400000,5,31.3666,-2098.59,3.71204,0.310462
65500000,7,43.8337,-2105.97,5.39406,0.34779
65600000,5,30.557,-2100.37,4.18279,0.33387
65700000,3,16.5832,-2109.97,1.31086,0.28839
65800000,4,26.9067,-2117.82,2.11039,0.267593
65900000,1,8.16582,-2132.69,0.802931,0.288568
66000000,2,12.4576,-2115.63,0.724859,0.220359
66100000,2,14.5953,-2118.71,0.990639,0.22094
66200000,3,20.3784,-2117.85,0.603861,0.158515
66300000,4,25.0504,-2116.15,0.767791,0.168702
66400000,2,13.7612,-2123.31,0.86343,0.23787
66500000,4,20.0052,-2101.59,4.33688,0.21214
66600000,5,35.0839,-2105.43,2.87223,0.229083
66700000,3,21.5188,-2121.32,3.27167,0.208265
66800000,2,12.4,-2115.23,0.966468,0.202535
66900000,3,19.9341,-2108.42,3.48607,0.23149
67000000,4,23.3025,-2112.35,2.3152,0.22799
67100000,4,24.1599,-2109.64,3.77932,0.297442
67200000,1,9.60189,-2134.34,1.06053,0.275349
67300000,1,7.90379,-2134.97,2.18499,0.28671
67400000,1,11.0569,-2138.47,0.155802,0.28583
67500000,2,11.2319,-2116.92,2.25595,0.212892
67600000,2,13.5385,-2117.13,0.738078,0.15052
67700000,3,20.0614,-2106.42,2.50005,0.16163
67800000,1,8.26506,-2132.68,0.872147,0.289073
67900000,3,17.7092,-2108.8,1.54368,0.242505
68000000,3,17.5212,-2105.16,2.30578,0.2232
68100000,4,21.4597,-2105.56,1.69259,0.23733
68200000,9,58.312,-2089.27,4.12565,0.30042
68300000,7,49.7882,-2112.44,2.80569,0.239998
68400000,6,42.799,-2105.25,0.914349,0.347645
68500000,3,18.4639,-2118.58,2.97419,0.2325
68600000,5,29.5689,-2104.87,3.46857,0.238721
68700000,3,18.7586,-2120.9,1.79125,0.217363
68800000,3,21.0307,-2109.93,1.41053,0.23406
68900000,7,42.6802,-2096.38,4.55447,0.335953
69000000,3,21.1839,-2119.73,0.883541,0.217577
69100000,3,18.2663,-2117.25,2.50972,0.258721
69200000,2,13.5818,-2115.34,0.597926,0.21993
69300000,3,15.6852,-2111.36,3.24522,0.32254
69400000,3,19.0385,-2111.88,3.35485,0.245505
69500000,5,32.9835,-2107.37,4.25784,0.252053
69600000,5,32.8435,-2115.04,3.23364,0.278445
69700000,2,11.9742,-2117.17,1.22356,0.24264
69800000,2,11.4293,-2116.85,0.717771,0.240278
69900000,4,28.8777,-2123.23,1.26394,0.211376
70000000,3,16.382,-2108.17,1.97161,0.260754
70100000,3,17.4232,-2118.16,4.76365,0.191653
70200000,3,16.7834,-2112.25,2.95177,0.24838
70300000,3,19.5173,-2108.03,3.4804,0.167164
70400000,3,24.0256,-2123.47,0.899802,0.254965
70500000,3,21.3864,-2114.57,1.55104,0.203525
70600000,3,18.6108,-2115.93,1.17767,0.210823
70700000,3,19.0621,-2110.11,2.22093,0.239983
70800000,3,19.1417,-2112.84,2.9391,0.21544
70900000,2,12.3418,-2118.32,1.83934,0.255815
71000000,3,19.8145,-2109.45,2.73951,0.245146
71100000,3,17.9252,-2108.02,2.8598,0.218557
71200000,4,23.7168,-2106.53,3.74642,0.23557
71300000,5,31.152,-2111.61,2.164,0.283067
71400000,4,23.0257,-2105.72,2.03836,0.32987
71500000,4,25.9032,-2118.74,1.84217,0.209797
71600000,3,19.0562,-2106.74,2.3839,0.256627
71700000,3,17.0315,-2115.31,2.42739,0.277785
71800000,5,33.7676,-2105.21,2.53061,0.24552
71900000,3,19.7855,-2108.16,0.90523,0.254803
72000000,4,27.2796,-2105.71,2.2248,0.26766
72100000,4,24.3259,-2108.46,3.09333,0.215917
72200000,4,24.2317,-2104.01,1.97654,0.269462
72300000,6,40.6286,-2103.29,1.733,0.2518
72400000,3,17.9205,-2110.23,2.3082,0.26431
72500000,1,9.31202,-2134.66,0.743798,0.257994
72600000,2,10.053,-2118.96,2.815,0.256575
72700000,2,12.948,-2124.11,1.14287,0.2119
72800000,1,7.755,-2133.86,1.57806,0.28529
72900000,4,23.745,-2104.74,1.8136,0.214514
73000000,3,21.4561,-2111.65,1.54979,0.21741
73100000,3,20.4293,-2115.59,0.959937,0.26273
73200000,4,27.4687,-2113.95,2.31975,0.2495
73300000,4,23.2429,-2109.01,2.34181,0.21922
73400000,3,18.4415,-2106.01,1.88848,0.22193
73500000,6,36.6159,-2091.37,3.64184,0.27151
73600000,5,30.7979,-2106.55,2.35154,0.29396
73700000,3,19.5469,-2105.1,2.49814,0.272532
73800000,8,44.6438,-2119.35,5.35681,0.20853
73900000,3,18.8273,-2106.42,1.48985,0.22262
74000000,4,24.4038,-2114.02,1.85896,0.24831
74100000,3,18.392,-2108.68,2.62973,0.24485
74200000,2,15.2476,-2118.47,0.353002,0.270751
74300000,4,23.7385,-2101.34,2.05218,0.222252
74400000,2,9.46714,-2120.57,3.39375,0.20642
74500000,3,19.0259,-2111.02,1.71452,0.202595
74600000,4,24.6977,-2109.09,2.14108,0.25231
74700000,4,26.3872,-2111.57,2.16445,0.243222
74800000,4,26.2796,-2114.63,2.83218,0.226083
74900000,4,24.1372,-2101.57,2.35197,0.240615
75000000,3,20.2039,-2108.45,1.92443,0.22281
75100000,5,28.8217,-2095.39,3.17825,0.26164
75200000,7,49.1309,-2113.88,1.02004,0.29973
75300000,5,32.1752,-2095.66,2.26269,0.30145
75400000,9,60.2861,-2110.6,4.54852,0.271934
75500000,6,39.8615,-2084.99,1.4571,0.280186
75600000,4,26.695,-2115.78,0.94792,0.306185
75700000,5,28.6322,-2113.11,1.89918,0.265755
75800000,2,11.1854,-2115.03,2.27406,0.244705
75900000,4,21.8814,-2104.66,1.95915,0.22541
76000000,3,15.7787,-2108.32,2.08452,0.252518
76100000,2,15.5325,-2120.34,0.720738,0.229899
76200000,2,9.85728,-2115.54,2.87617,0.216587
76300000,3,19.6164,-2108.23,1.10318,0.255317
76400000,3,19.2646,-2105.12,1.15354,0.23125
76500000,3,18.8801,-2111.98,2.21916,0.23742
76600000,3,14.7129,-2107.29,2.45411,0.265884
76700000,3,20.653,-2110.85,1.41526,0.25958
76800000,1,9.10203,-2133,0.565458,0.20612
76900000,4,26.4917,-2111.89,2.97129,0.240387
77000000,3,21.6693,-2112.33,1.24041,0.259703
77100000,4,22.0364,-2106.06,2.81308,0.27285
77200000,3,21.2381,-2115.54,1.53635,0.256621
77300000,3,14.911,-2112.3,2.64637,0.261035
77400000,5,29.9422,-2099.09,3.57862,0.25983
77500000,4,24.2984,-2105.85,2.14836,0.239155
77600000,2,13.8894,-2121.12,0.569947,0.21029
77700000,7,46.7314,-2112.38,2.69271,0.257677
77800000,5,35.2036,-2109.27,2.02529,0.2986
77900000,3,19.9621,-2114.84,2.64264,0.253097
78000000,6,35.1287,-2106.45,4.46763,0.254912
78100000,8,54.1452,-2093.92,2.00951,0.32612
78200000,8,49.2129,-2101.24,5.46249,0.33109
78300000,3,21.1056,-2109.34,2.14618,0.271246
78400000,3,19.5351,-2108.84,2.11933,0.251912
78500000,5,26.6211,-2113.77,2.38402,0.309933
78600000,4,24.967,-2103.51,1.6253,0.27057
78700000,12,74.4424,-2095.68,4.09147,0.289545
78800000,2,10.1367,-2116.08,3.05527,0.261945
78900000,2,10.1436,-2116.59,2.89326,0.241015
79000000,3,18.961,-2122.74,1.46583,0.170215
79100000,4,26.219,-2110.1,2.92018,0.20623
79200000,4,27.0537,-2108.62,0.941749,0.262958
79300000,6,38.9116,-2097.99,4.17958,0.28036
79400000,6,38.3562,-2091.24,2.70318,0.3219
79500000,2,10.6582,-2120.35,1.16907,0.259767
79600000,2,13.2078,-2115.8,1.12725,0.223104
79700000,2,12.0145,-2115.38,2.24425,0.231713
79800000,2,13.1772,-2118.69,1.47638,0.186564
79900000,5,30.364,-2104.32,2.7595,0.23861
80000000,3,18.6977,-2110.46,3.21836,0.203715
80100000,4,24.1465,-2101.88,3.53386,0.266165
80200000,3,22.5814,-2117.85,1.5766,0.24922
80300000,2,12.0236,-2116.1,2.83007,0.200075
80400000,2,13.022,-2121.63,2.46693,0.224785
80500000,3,20.0564,-2107.11,1.26541,0.23373
80600000,3,19.6367,-2112.33,1.09546,0.233278
80700000,3,19.6278,-2109.3,2.42326,0.223264
80800000,4,26.6219,-2112.43,2.26323,0.24334
80900000,4,29.5881,-2123.15,1.04693,0.26849
81000000,2,12.4245,-2118.6,1.99476,0.207617
81100000,5,30.8959,-2107.19,4.59949,0.308194
81200000,5,32.3472,-2109.5,4.33651,0.228263
81300000,4,26.8686,-2106.03,2.47341,0.26211
81400000,2,14.3257,-2118.52,1.37069,0.23418
81500000,2,12.4104,-2117.74,2.26728,0.19325
81600000,3,20.8315,-2113.74,2.50429,0.231205
81700000,4,28.5096,-2106.97,2.93347,0.254907
81800000,3,18.62,-2104.92,2.69727,0.310627
81900000,3,20.4379,-2118.08,1.73888,0.260635
82000000,3,20.3472,-2110.68,2.31019,0.250386
82100000,2,13.2529,-2116.11,1.08012,0.231903
82200000,5,37.0234,-2106.42,0.921002,0.33588
82300000,2,12.313,-2117.64,1.81594,0.19442
82400000,6,41.0849,-2097.09,1.80563,0.33399
82500000,2,13.219,-2115.89,0.180037,0.20263
82600000,2,13.8663,-2118.81,1.20371,0.19205
82700000,9,53.7306,-2092.12,4.55349,0.334867
82800000,2,10.9788,-2116.1,3.51683,0.209501
82900000,6,38.1673,-2091.79,4.4534,0.315255
83000000,2,11.7498,-2117.9,1.99639,0.21664
83100000,2,13.6645,-2118.06,0.834711,0.228372
83200000,2,13.3484,-2118.93,0.638955,0.20433
83300000,3,21.298,-2113.99,2.40715,0.266652
83400000,4,27.8611,-2118.05,0.826358,0.27778
83500000,7,44.7566,-2097.47,5.88344,0.316625
83600000,9,57.5349,-2113.62,6.16694,0.32926
83700000,3,18.2944,-2118.81,3.46119,0.24562
83800000,4,25.0906,-2107.07,1.49,0.30544
83900000,8,54.705,-2099.93,2.92984,0.30366
84000000,3,17.1588,-2116.17,3.76549,0.204258
84100000,3,20.308,-2116.78,1.19384,0.300775
84200000,4,28.9362,-2112.24,1.46266,0.218825
84300000,3,23.1266,-2119.83,0.722155,0.247645
84400000,2,13.5487,-2115.93,0.634953,0.20739
84500000,7,46.2359,-2093.48,3.9766,0.286612
84600000,9,57.8657,-2097.62,3.51654,0.25236
84700000,3,18.8247,-2111.79,3.51999,0.215563
84800000,10,54.5967,-2101.28,7.85542,0.339935
84900000,3,18.7525,-2108.18,2.33086,0.229437
85000000,3,12.9294,-2121.25,2.19967,0.236008
85100000,3,21.4498,-2115.16,1.3339,0.192155
85200000,6,41.1895,-2116.88,1.06036,0.242442
85300000,4,25.3132,-2115.69,3.71786,0.26309
85400000,2,11.7606,-2119.8,0.981191,0.172877
85500000,3,20.0001,-2109.16,2.39461,0.19866
85600000,2,8.64086,-2116.92,1.56173,0.209278
85700000,5,27.1688,-2100.46,5.75149,0.277384
85800000,7,47.2468,-2090.49,2.32793,0.290518
85900000,2,13.0418,-2119.52,1.0799,0.202193
86000000,4,21.1884,-2106.71,3.28874,0.28909
86100000,6,35.9605,-2114.19,3.34705,0.26114
86200000,6,37.0714,-2103.86,3.00156,0.32738
86300000,3,22.6481,-2115.11,1.20446,0.275935
86400000,5,33.4997,-2106.23,1.00051,0.230232
86500000,3,20.9113,-2117.7,1.73469,0.307525
86600000,5,29.8992,-2106.09,2.7408,0.246364
86700000,3,16.5011,-2108.35,2.95958,0.26586
86800000,3,19.8489,-2110.76,1.07254,0.22978
86900000,7,44.2361,-2108.09,5.93004,0.301539
87000000,7,41.5693,-2091.86,4.87444,0.3411
87100000,6,36.9635,-2086.63,6.6051,0.31942
87200000,2,13.9822,-2119.35,1.93768,0.221518
87300000,3,20.564,-2108.7,1.73035,0.244561
87400000,5,33.5747,-2112.81,3.20392,0.235776
87500000,3,19.8099,-2109.79,1.16538,0.314387
87600000,7,44.15,-2114.34,5.96688,0.26097
87700000,4,24.3238,-2122.13,3.21463,0.257667
87800000,6,37.1692,-2114.3,3.34592,0.24822
87900000,3,21.256,-2111.75,1.65974,0.29935
88000000,3,20.5298,-2122.06,2.52962,0.21679
88100000,2,13.4314,-2118.57,1.17271,0.208147
88200000,2,13.9785,-2117.92,0.688726,0.17796
88300000,3,20.1619,-2108.38,1.54607,0.208993
88400000,3,21.2513,-2111.96,1.53281,0.25513
88500000,6,35.4544,-2101.63,2.98702,0.293316
88600000,3,20.9943,-2107.89,1.89685,0.27244
88700000,3,19.1287,-2108.28,1.02515,0.218442
88800000,3,19.9261,-2110.02,1.94922,0.20829
88900000,4,27.6311,-2115.48,3.60414,0.254837
89000000,3,17.306,-2106.95,2.66842,0.21224
89100000,4,27.2306,-2107.46,1.99165,0.24289
89200000,3,22.07,-2110.96,1.24009,0.23184
89300000,2,12.4117,-2120.07,2.7115,0.228387
89400000,3,22.6168,-2112.53,1.10055,0.29121
89500000,5,30.252,-2108.15,1.59413,0.2925
89600000,4,23.5925,-2111.13,3.43373,0.221417
89700000,2,14.8107,-2121.59,1.61903,0.27926
89800000,4,26.3187,-2116.45,3.25989,0.24323
89900000,4,25.3951,-2111.31,1.10093,0.276108
90000000,4,18.6482,-2102.12,5.62386,0.214999
90100000,3,22.2852,-2111.16,1.18666,0.254642
90200000,7,45.7863,-2097.33,1.9976,0.33379
90300000,6,38.4618,-2096.09,4.83385,0.323594
90400000,4,22.277,-2102.67,2.43774,0.29535
90500000,3,20.5998,-2108.44,1.41795,0.2717
90600000,5,31.1523,-2095.38,2.69197,0.226142
90700000,2,15.4047,-2128.98,0.941542,0.286752
90800000,4,26.5902,-2124.03,2.70969,0.23364
90900000,8,42.5815,-2105.21,7.85971,0.32872
91000000,3,15.2076,-2117.51,2.38642,0.256272
91100000,3,19.1887,-2118.27,1.83072,0.25827
91200000,3,16.649,-2111.47,3.17341,0.316784
91300000,3,18.3806,-2107.41,1.68226,0.22429
91400000,3,16.814,-2115.2,0.76591,0.262097
91500000,3,20.3511,-2108.91,0.918334,0.219645
91600000,3,16.341,-2107.96,3.8975,0.23295
91700000,3,19.8387,-2119.42,2.12124,0.251587
91800000,3,20.3048,-2108.53,1.16542,0.236737
91900000,4,21.7716,-2109.94,1.58914,0.212693
92000000,4,28.0887,-2122.69,1.90625,0.262545
92100000,9,54.6675,-2084.38,3.25245,0.263495
92200000,6,35.5757,-2097.42,4.55288,0.33697
92300000,4,21.4451,-2104.37,1.36146,0.20941
92400000,4,26.8318,-2118.91,1.29962,0.287961
92500000,4,21.6142,-2117.05,3.90308,0.266145
92600000,5,31.5365,-2110.19,2.34456,0.248838
92700000,3,19.4303,-2108.53,2.39852,0.24182
92800000,5,28.3215,-2103.38,3.34845,0.248198
92900000,2,11.3408,-2116.45,1.53207,0.241397
93000000,3,20.4162,-2110.28,3.39481,0.25559
93100000,3,18.0335,-2106.58,2.89878,0.20742
93200000,4,22.3697,-2098.76,1.38093,0.254745
93300000,3,20.278,-2115.5,2.20289,0.248354
93400000,4,24.0041,-2115.89,3.75655,0.255035
93500000,3,20.5296,-2116.4,1.96544,0.25121
93600000,3,19.3687,-2107.46,1.25063,0.225476
93700000,3,20.1017,-2114.27,1.90334,0.230835
93800000,9,54.4569,-2107.85,4.84353,0.255997
93900000,4,27.145,-2122.4,2.88038,0.242918
94000000,3,21.3382,-2109.83,0.461148,0.237437
94100000,2,13.2632,-2120.36,1.37271,0.205856
94200000,2,11.5991,-2117.22,1.53663,0.21903
94300000,1,7.03459,-2133.89,2.12545,0.274725
94400000,2,14.974,-2138.82,1.99442,0.28073
94500000,2,13.465,-2117.94,1.1434,0.2043
94600000,3,21.2148,-2120.53,1.09544,0.256925
94700000,3,21.4317,-2119.95,1.00284,0.26525
94800000,3,21.1746,-2107.66,1.56332,0.179197
94900000,3,21.1191,-2108.42,1.06548,0.225695
95000000,2,14.0009,-2117.95,1.06725,0.261377
95100000,2,9.98046,-2117.58,2.6442,0.20641
95200000,2,12.9074,-2116.7,0.884246,0.187843
95300000,2,15.6456,-2120.95,0.756705,0.228894
95400000,4,22.2831,-2104.33,1.72926,0.19649
95500000,3,22.1208,-2109.84,0.915173,0.258527
95600000,5,32.9237,-2101.93,2.82407,0.26482
95700000,2,14.1509,-2117.17,0.283978,0.222713
95800000,6,41.559,-2103.47,1.17402,0.263945
95900000,8,51.9304,-2088.06,4.84056,0.31905
96000000,3,21.7733,-2106.92,0.66008,0.26901
96100000,3,20.6107,-2108.24,1.72319,0.23977
96200000,4,25.8953,-2115.34,4.44679,0.2926
96300000,4,25.8252,-2107.36,2.84408,0.252605
96400000,3,22.9869,-2125.14,0.346361,0.260927
96500000,3,22.1532,-2118.36,2.22226,0.265845
96600000,2,10.2787,-2118.94,1.57959,0.241278
96700000,3,21.1506,-2113.27,2.38624,0.25508
96800000,3,18.2612,-2111.03,2.55779,0.26168
96900000,4,28.2292,-2116.15,0.75106,0.26204
97000000,7,46.1574,-2100.34,5.08343,0.289663
97100000,7,41.5403,-2108.11,4.38804,0.32546
97200000,6,38.009,-2102.65,4.0927,0.32161
97300000,4,27.2321,-2116.24,1.99774,0.320693
97400000,3,21.7182,-2123.72,2.25716,0.23571
97500000,3,19.9887,-2108.97,2.10356,0.25151
97600000,3,20.9216,-2109.02,1.5909,0.226856
97700000,4,24.0919,-2107.05,3.4414,0.27063
97800000,8,46.6654,-2085.13,5.07007,0.295668
97900000,5,33.2931,-2116.37,2.47126,0.34655
98000000,4,25.8063,-2104.88,2.03688,0.27246
98100000,3,19.2728,-2116.72,2.01572,0.253687
98200000,3,18.705,-2108.41,1.6489,0.238205
98300000,4,28.4953,-2115.42,1.10346,0.22395
98400000,3,20.7345,-2122.61,2.57049,0.28496
98500000,3,20.5323,-2108.18,0.834132,0.247977
98600000,6,39.161,-2108.42,3.71353,0.22232
98700000,3,17.427,-2117.89,4.82941,0.278035
98800000,6,33.6547,-2100.75,3.14642,0.303724
98900000,4,25.2991,-2108.15,1.38617,0.268776
99000000,4,24.1887,-2105.75,2.42577,0.21501
99100000,4,18.3165,-2108.27,4.49925,0.290203
99200000,3,17.3501,-2109.88,4.09529,0.27839
99300000,3,20.2541,-2108.33,1.7963,0.224503
99400000,3,18.4123,-2118.58,1.17178,0.247499
99500000,8,48.9579,-2105.35,4.56702,0.25961
99600000,3,19.2816,-2110.79,1.66391,0.255925
99700000,3,17.764,-2107.58,2.88247,0.26695
99800000,4,31.213,-2119.39,1.67196,0.26502
99900000,5,32.558,-2124.65,2.94674,0.2997
