generation,N_shifts,logPrior,logLik,eventRate,acceptRate
0,0,8.00859,-2378.88,0.158716,1
100000,0,4.03566,-2152.58,0.759456,0.147259
200000,2,15.743,-2127.71,0.406278,0.262689
300000,2,13.4375,-2118.63,0.82549,0.18641
400000,1,8.2942,-2133.29,0.625251,0.215857
500000,0,3.03519,-2152.24,1.2271,0.150164
600000,1,10.2578,-2135.42,0.716693,0.226796
700000,2,14.4809,-2122.56,0.371389,0.21085
800000,5,32.6974,-2116.53,1.66251,0.25651
900000,4,27.2183,-2117.21,2.60577,0.26133
1000000,1,9.41031,-2134.55,0.819267,0.222861
1100000,1,10.1445,-2133.59,0.605293,0.27159
1200000,5,28.9584,-2103.75,4.24735,0.24038
1300000,3,22.4692,-2123.29,2.586,0.227465
1400000,3,17.1667,-2107.2,2.51599,0.2524
1500000,3,20.1654,-2118.25,1.54203,0.25857
1600000,4,27.0796,-2110.33,2.52692,0.195221
1700000,3,20.8259,-2113.19,1.50869,0.22521
1800000,6,32.3722,-2100.63,6.1368,0.21502
1900000,3,22.782,-2111.3,1.01377,0.249
2000000,2,12.4397,-2117.14,1.8147,0.24702
2100000,3,19.9487,-2113.46,1.60474,0.184231
2200000,2,13.843,-2116.54,1.10344,0.233536
2300000,2,12.9663,-2117.43,1.57078,0.20161
2400000,3,19.747,-2112.63,1.57275,0.203208
2500000,2,13.1775,-2123.46,1.44405,0.21326
2600000,5,29.5648,-2104.9,5.52292,0.221424
2700000,6,38.8236,-2111.48,6.04952,0.257257
2800000,3,18.8155,-2106.68,1.10122,0.2018
2900000,3,20.3098,-2115.41,4.7938,0.203632
3000000,5,31.9548,-2111.72,2.9334,0.28409
3100000,3,21.4517,-2107.1,1.24834,0.241637
3200000,6,36.4857,-2115.82,3.67723,0.21607
3300000,4,26.3584,-2119.57,2.04385,0.340063
3400000,5,35.3091,-2113.39,2.26482,0.34153
3500000,8,46.0298,-2090.76,4.65561,0.31309
3600000,4,26.6255,-2106.59,2.48175,0.249362
3700000,5,31.3709,-2113.66,5.87919,0.3152
3800000,4,24.2271,-2117.37,2.34523,0.223795
3900000,3,19.5089,-2108.13,1.12393,0.2172
4000000,6,35.5224,-2100.95,2.65093,0.24106
4100000,3,20.616,-2108.53,2.06285,0.24283
4200000,3,21.974,-2111.22,0.799598,0.20051
4300000,3,16.7136,-2116.7,1.92118,0.200313
4400000,4,27.4081,-2105.5,2.39522,0.267265
4500000,1,9.3768,-2136.06,0.337282,0.228385
4600000,4,24.4635,-2114.88,2.22196,0.260043
4700000,5,24.7741,-2102.33,4.47851,0.29065
4800000,9,57.2902,-2102.39,4.76603,0.34789
4900000,8,53.6788,-2093.17,1.8717,0.34123
5000000,8,51.7329,-2098.3,4.49382,0.3444
5100000,6,35.2729,-2100.91,4.57593,0.319
5200000,3,19.8478,-2112.41,1.83145,0.231811
5300000,2,11.7797,-2115.8,0.680542,0.242797
5400000,3,20.8248,-2111.25,1.90852,0.2178
5500000,4,26.9796,-2113.79,1.93174,0.223292
5600000,5,31.8923,-2099.96,2.75628,0.24015
5700000,3,21.6987,-2112.81,1.22743,0.235105
5800000,4,22.2532,-2107.11,1.46601,0.22826
5900000,4,22.8256,-2109.21,2.08061,0.232593
6000000,4,23.6451,-2104.55,2.39744,0.211657
6100000,4,24.4399,-2108.44,2.36372,0.276135
6200000,4,24.0237,-2119.08,1.9198,0.25006
6300000,3,20.688,-2112.34,0.927101,0.25843
6400000,3,14.7319,-2107.33,3.89015,0.212632
6500000,4,24.026,-2112.38,3.45454,0.248352
6600000,3,19.2671,-2112.3,2.37263,0.26214
6700000,6,39.9859,-2087.11,2.06535,0.29363
6800000,9,56.8322,-2095.42,5.00404,0.30262
6900000,3,19.1204,-2104.67,1.43722,0.208636
7000000,6,36.9509,-2100.43,4.57062,0.309915
7100000,3,18.3498,-2115.35,2.01326,0.207365
7200000,6,43.3558,-2116.81,2.63541,0.223361
7300000,4,29.5513,-2118.39,3.67165,0.28324
7400000,2,8.5618,-2119.44,2.41356,0.227734
7500000,3,21.2941,-2111.85,2.5706,0.267095
7600000,6,38.3123,-2113.64,4.16617,0.296252
7700000,4,24.7632,-2114.63,5.01543,0.217075
7800000,6,32.8055,-2106.9,6.93321,0.2793
7900000,6,33.1027,-2102.35,2.74167,0.33785
8000000,6,26.1261,-2115.69,5.95779,0.3264
8100000,4,26.609,-2114.73,4.35687,0.28392
8200000,4,21.355,-2110.67,5.66015,0.31987
8300000,3,18.9938,-2108.09,2.21544,0.178807
8400000,3,17.6813,-2114.32,2.407,0.248986
8500000,2,12.5657,-2116.87,1.18573,0.230817
8600000,6,37.7672,-2099.9,4.88364,0.296182
8700000,2,11.1916,-2115.97,1.38961,0.15178
8800000,4,23.8969,-2102.94,3.00286,0.239563
8900000,6,39.6948,-2100.13,1.47153,0.329613
9000000,6,41.3313,-2103.89,3.34725,0.34343
9100000,6,41.3665,-2111.33,2.71269,0.28045
9200000,7,45.8638,-2102.87,3.94755,0.342335
9300000,1,9.1118,-2134.01,0.789813,0.233988
9400000,8,43.2881,-2090.68,8.63719,0.31853
9500000,2,7.79037,-2117.23,0.865651,0.26095
9600000,8,49.9906,-2099.29,4.19039,0.341845
9700000,6,35.5629,-2100.93,3.78303,0.34665
9800000,7,42.3111,-2094.18,1.7618,0.286352
9900000,2,13.4878,-2119.7,0.927328,0.251502
10000000,6,39.1819,-2093.43,2.89926,0.308235
10100000,7,46.5691,-2085.14,3.71016,0.32601
10200000,4,25.7596,-2110.74,1.2828,0.272083
10300000,4,28.618,-2119.73,2.13123,0.29491
10400000,7,44.4216,-2101.74,2.19166,0.30992
10500000,3,17.8922,-2118.79,1.98689,0.292215
10600000,2,12.3889,-2114.54,1.65956,0.245793
10700000,4,19.7997,-2112.54,1.54353,0.3057
10800000,7,44.325,-2101.17,4.86225,0.34535
10900000,3,15.8858,-2118.12,2.49764,0.314105
11000000,5,32.1794,-2109.37,4.12159,0.27235
11100000,7,46.0042,-2107.32,2.64978,0.342903
11200000,4,23.8215,-2111.31,1.39414,0.211037
11300000,7,47.0596,-2096.6,3.58845,0.34688
11400000,3,19.991,-2106.94,1.29781,0.21424
11500000,3,18.6537,-2115.88,1.96124,0.303275
11600000,4,28.3813,-2117.16,0.510312,0.2781
11700000,1,8.171,-2133.89,0.422333,0.251875
11800000,7,41.6009,-2099.81,4.23173,0.311075
11900000,6,35.8563,-2106.87,8.63376,0.35397
12000000,9,52.8641,-2100.58,5.79778,0.33059
12100000,6,34.8815,-2096.51,3.23189,0.29099
12200000,6,38.2989,-2093.5,2.5595,0.32307
12300000,3,19.6496,-2108.64,0.81354,0.22254
12400000,5,29.3144,-2112.21,3.11502,0.30449
12500000,3,19.0162,-2109.51,2.6186,0.27968
12600000,1,8.34334,-2135.75,1.70912,0.270429
12700000,2,10.5066,-2117.66,1.97597,0.24754
12800000,7,43.8334,-2086.81,2.56042,0.308623
12900000,5,29.3071,-2113.68,2.88123,0.209772
13000000,5,27.9204,-2100.89,5.0133,0.24797
13100000,6,39.0235,-2101.32,2.00275,0.34909
13200000,3,19.1928,-2120.79,1.14897,0.282325
13300000,4,24.4888,-2108.42,0.711164,0.209778
13400000,3,20.004,-2114.08,2.09333,0.256635
13500000,4,27.9373,-2115.31,1.79207,0.215925
13600000,3,20.6631,-2128.86,3.14513,0.21265
13700000,6,41.3949,-2089.8,3.45269,0.279326
13800000,3,17.4587,-2108.65,3.71583,0.245483
13900000,6,32.2656,-2092.88,6.2139,0.31563
14000000,6,38.4794,-2103.12,3.83843,0.320988
14100000,5,33.1009,-2116.32,2.20797,0.215172
14200000,8,50.8474,-2093.82,4.64503,0.32887
14300000,4,26.1291,-2105.17,2.48076,0.333287
14400000,6,33.1992,-2105.55,5.51014,0.235102
14500000,3,22.7105,-2117.25,1.27178,0.25832
14600000,5,31.7104,-2104.04,3.63688,0.264712
14700000,2,14.7777,-2119.2,0.703841,0.25555
14800000,6,38.1022,-2109.43,2.58765,0.324942
14900000,3,20.8989,-2110.36,1.17682,0.268755
15000000,3,22.9239,-2129.31,1.31211,0.26402
15100000,3,19.0253,-2116.05,2.75104,0.289579
15200000,3,20.1361,-2106.66,1.33401,0.24088
15300000,5,30.0724,-2109.15,3.13213,0.23434
15400000,4,26.6888,-2110.17,3.30669,0.20731
15500000,4,25.2776,-2108.69,2.6559,0.2482
15600000,7,50.9526,-2097.96,2.85379,0.246496
15700000,7,43.5192,-2089.74,4.27208,0.321528
15800000,3,16.9219,-2115.76,4.49901,0.323765
15900000,3,22.2358,-2112.29,1.42976,0.26887
16000000,5,32.3922,-2113.69,2.45893,0.335783
16100000,3,21.4108,-2108.41,0.745119,0.242698
16200000,4,27.6363,-2116.02,0.890079,0.25822
16300000,5,27.1891,-2104.26,5.11907,0.25869
16400000,3,20.1282,-2113.69,1.81709,0.23528
16500000,3,20.4926,-2108.66,0.913628,0.241104
16600000,5,32.8489,-2109.2,3.45157,0.25615
16700000,3,19.2289,-2116.21,3.53182,0.250644
16800000,3,17.0822,-2108.47,1.00568,0.26032
16900000,4,26.3927,-2115.33,3.26069,0.200744
17000000,3,21.9395,-2114.89,1.06946,0.259319
17100000,3,19.5672,-2113.04,1.17129,0.252307
17200000,3,19.4558,-2115.45,2.2081,0.255542
17300000,2,14.3884,-2127.24,1.85527,0.165252
17400000,3,21.4117,-2108.95,1.13338,0.20615
17500000,2,13.58,-2115.52,1.06491,0.213067
17600000,3,20.9939,-2109.14,1.0736,0.252412
17700000,3,20.6175,-2110.04,0.875872,0.2581
17800000,3,17.947,-2109.1,2.90184,0.229437
17900000,7,42.8268,-2112.7,4.88877,0.264049
18000000,3,17.9932,-2108.26,1.98823,0.22461
18100000,4,23.6215,-2110.1,1.76275,0.22257
18200000,4,24.9947,-2109.27,1.82885,0.26328
18300000,4,29.3846,-2111.81,2.05561,0.22854
18400000,4,30.3717,-2117.48,1.52689,0.23022
18500000,3,22.8824,-2110.66,0.284882,0.221995
18600000,3,20.6268,-2112.64,2.39116,0.262921
18700000,7,47.1244,-2097.37,2.48364,0.321174
18800000,6,36.127,-2100.46,5.94055,0.3413
18900000,5,29.175,-2101.51,3.45781,0.30911
19000000,3,20.1908,-2110.32,1.94261,0.255648
19100000,5,33.228,-2097.93,1.46473,0.266242
19200000,3,22.7129,-2109.98,1.04914,0.24555
19300000,3,22.9276,-2124.05,1.33795,0.277153
19400000,3,21.1926,-2112.57,1.6316,0.253283
19500000,6,39.382,-2096.45,4.40493,0.28889
19600000,3,18.0303,-2117.51,3.82833,0.221662
19700000,2,13.04,-2115.42,1.26032,0.20985
19800000,2,13.5376,-2121.73,0.782971,0.223534
19900000,2,12.0032,-2117.32,1.54021,0.207668
20000000,3,20.0006,-2115.98,2.69646,0.188647
20100000,8,56.4781,-2106.58,2.61432,0.260422
20200000,6,41.2932,-2106.18,2.64829,0.35001
20300000,3,20.1616,-2114.27,2.05299,0.22227
20400000,5,32.9955,-2111.28,2.09813,0.277767
20500000,7,45.568,-2114.49,4.75775,0.296833
20600000,5,29.0986,-2103.25,3.1674,0.272335
20700000,5,33.8953,-2108.35,1.84087,0.32986
20800000,7,46.1665,-2105.49,2.89032,0.32477
20900000,8,49.726,-2099.98,2.18854,0.347967
21000000,7,47.7178,-2105.05,2.47602,0.34102
21100000,4,27.6985,-2109.64,2.02512,0.313616
21200000,5,29.079,-2102.79,3.05358,0.312185
21300000,5,29.3962,-2104.51,4.34651,0.329235
21400000,8,48.5876,-2106.8,4.8784,0.32897
21500000,4,21.886,-2116.21,2.12626,0.32554
21600000,3,18.8197,-2108.23,0.902425,0.249999
21700000,7,45.8992,-2096.91,3.67563,0.345007
21800000,3,17.8137,-2108.79,2.96522,0.251365
21900000,7,48.6654,-2093.47,3.18202,0.346675
22000000,5,31.3903,-2103.71,3.02778,0.25043
22100000,3,18.4748,-2111.2,3.6396,0.265926
22200000,3,18.6942,-2111.27,0.647959,0.23748
22300000,3,21.1995,-2111.04,0.575521,0.291617
22400000,4,25.8132,-2105.77,2.02173,0.241895
22500000,2,11.5424,-2115.5,1.46379,0.240085
22600000,3,16.975,-2116.08,2.97813,0.248175
22700000,3,21.6039,-2108.06,0.907041,0.2537
22800000,2,12.8338,-2116.72,1.11379,0.211185
22900000,2,12.9408,-2125.73,1.51126,0.200695
23000000,1,9.35799,-2134.7,0.67168,0.25613
23100000,3,17.1539,-2124.23,1.71662,0.25222
23200000,3,19.6501,-2107.56,1.51945,0.257205
23300000,4,23.2903,-2102.68,3.23532,0.2539
23400000,2,14.1977,-2123.65,1.54964,0.22946
23500000,3,19.5634,-2120.98,1.35817,0.273245
23600000,3,17.0004,-2108.97,2.71162,0.236141
23700000,3,20.3554,-2109.13,0.879247,0.2531
23800000,3,18.0844,-2112.22,2.59457,0.24504
23900000,5,28.3247,-2108.97,4.66835,0.230206
24000000,3,17.8145,-2111.55,1.48594,0.24029
24100000,3,20.9387,-2109.77,0.730133,0.24768
24200000,3,20.9499,-2109.51,1.15188,0.25767
24300000,3,21.3443,-2109.68,1.75038,0.252252
24400000,5,29.2841,-2111.22,2.69063,0.254995
24500000,4,27.025,-2114.77,2.50145,0.250845
24600000,4,25.1155,-2106.26,1.37304,0.25343
24700000,3,19.479,-2106.66,0.626932,0.25956
24800000,3,17.0088,-2109.7,3.32324,0.24144
24900000,4,28.5345,-2126.66,1.15987,0.20757
25000000,4,22.5905,-2112.17,2.37752,0.245757
25100000,5,32.2323,-2100.9,1.36513,0.260135
25200000,3,21.8393,-2119.52,0.375318,0.271623
25300000,8,52.4838,-2098.27,4.29121,0.26397
25400000,3,20.1382,-2112.36,1.59115,0.27625
25500000,7,41.5548,-2113.1,5.15361,0.31931
25600000,3,20.6871,-2107.69,1.1444,0.257257
25700000,6,34.4851,-2092.31,4.00932,0.28234
25800000,7,40.8436,-2099.68,3.6264,0.33232
25900000,3,17.1442,-2111.89,3.84042,0.259899
26000000,6,37.9942,-2100.77,2.38028,0.346206
26100000,6,30.2324,-2106.58,3.87404,0.31656
26200000,3,17.587,-2116.01,2.41447,0.254904
26300000,2,12.3919,-2117.16,1.15865,0.256758
26400000,7,48.6899,-2098.32,4.05944,0.325437
26500000,6,38.2452,-2096.24,2.00174,0.319103
26600000,1,7.75219,-2132.3,0.437214,0.253417
26700000,4,19.7911,-2108.56,1.76402,0.30292
26800000,5,33.2068,-2110.01,2.73027,0.321745
26900000,5,31.8233,-2107.19,3.175,0.24619
27000000,3,18.9315,-2108.31,2.28021,0.282347
27100000,4,24.268,-2108.21,1.88127,0.238
27200000,3,21.2454,-2109.11,1.68023,0.247723
27300000,2,10.8023,-2116.56,1.63087,0.245561
27400000,3,20.9458,-2108.42,0.951515,0.25937
27500000,3,17.674,-2125.72,2.27035,0.211675
27600000,1,8.65328,-2131.95,0.66816,0.23534
27700000,2,14.5798,-2119.95,1.557,0.228946
27800000,3,20.4382,-2119.06,2.39896,0.247452
27900000,2,14.0293,-2121.08,0.371858,0.243011
28000000,2,12.0907,-2119.67,3.15511,0.2007
28100000,6,42.401,-2102.12,2.58293,0.305355
28200000,7,45.8302,-2089.72,4.43226,0.3362
28300000,4,31.3327,-2119.81,0.351092,0.232816
28400000,7,44.3726,-2092.43,3.07484,0.29269
28500000,4,25.7683,-2115.74,1.95523,0.23036
28600000,3,18.0363,-2107.36,2.44819,0.24404
28700000,2,13.7191,-2115.99,0.227341,0.242355
28800000,6,32.5938,-2094.8,5.06758,0.340112
28900000,11,70.2175,-2090.74,6.36751,0.3139
29000000,3,14.7085,-2107.81,3.23339,0.250515
29100000,3,19.9211,-2110.49,1.20596,0.251043
29200000,4,27.8011,-2109.15,1.73553,0.314965
29300000,2,13.9517,-2120.35,1.45343,0.264155
29400000,3,19.784,-2123.72,0.779706,0.20267
29500000,2,12.9445,-2122.7,0.473522,0.20228
29600000,4,21.6472,-2110.18,2.94676,0.249163
29700000,3,20.3336,-2105.85,2.14275,0.256472
29800000,9,47.6064,-2096.03,6.97592,0.27737
29900000,4,26.68,-2110.14,3.4795,0.21975
30000000,3,16.4956,-2109.92,5.30451,0.263657
30100000,2,13.2445,-2116.28,0.929493,0.240235
30200000,2,14.7686,-2118.33,0.358998,0.20984
30300000,2,12.9455,-2116.93,0.508342,0.20461
30400000,3,18.9004,-2107.68,2.44783,0.252007
30500000,2,13.7777,-2117.1,0.457504,0.206145
30600000,3,22.9931,-2124.83,1.43301,0.243725
30700000,4,25.6373,-2102.95,3.03768,0.25797
30800000,2,13.502,-2116.06,0.96529,0.216997
30900000,3,17.6354,-2111.29,2.55974,0.265802
31000000,3,19.9153,-2108.87,1.58185,0.261687
31100000,3,21.0254,-2105.42,0.927466,0.2285
31200000,3,18.7202,-2108.75,1.08492,0.28151
31300000,3,21.1095,-2113.44,2.40806,0.238594
31400000,2,14.0044,-2119.51,1.30903,0.2253
31500000,3,19.3464,-2107.34,2.00381,0.247443
31600000,3,19.369,-2110.41,1.67751,0.24598
31700000,4,30.1764,-2125.27,1.39681,0.247011
31800000,4,26.9141,-2103.82,1.23966,0.2388
31900000,2,10.3686,-2118.47,2.96866,0.203536
32000000,3,19.4469,-2118.05,1.19789,0.20023
32100000,2,13.6172,-2119.79,0.801325,0.22202
32200000,2,11.9435,-2118.23,2.04475,0.25772
32300000,3,20.0167,-2107.14,2.11967,0.272179
32400000,5,35.739,-2109.05,1.56976,0.256146
32500000,5,34.4911,-2098.59,2.55558,0.29499
32600000,6,42.9285,-2101.39,1.60014,0.34185
32700000,6,33.3385,-2104.81,1.3628,0.315
32800000,3,19.4408,-2117.38,2.55181,0.238617
32900000,2,9.87106,-2124.97,1.65671,0.244001
33000000,8,48.8137,-2088.75,4.91329,0.28118
33100000,8,50.2546,-2095.08,7.9884,0.29879
33200000,4,27.8574,-2113.13,1.94347,0.257993
33300000,8,50.8995,-2096.71,5.86286,0.34289
33400000,6,28.2329,-2092.19,7.1594,0.329057
33500000,7,39.662,-2091.72,4.899,0.31583
33600000,5,31.0702,-2114.64,2.51147,0.3455
33700000,4,25.5203,-2124.05,4.86858,0.256024
33800000,5,33.6594,-2111.76,2.29435,0.26022
33900000,6,38.8181,-2106.22,4.54157,0.31351
34000000,3,21.1378,-2109.72,0.647818,0.28197
34100000,3,16.5209,-2114.85,2.86322,0.21392
34200000,2,13.5619,-2125.23,1.04907,0.20835
34300000,3,19.109,-2116.76,0.752999,0.289592
34400000,4,18.6707,-2111.34,3.82968,0.24718
34500000,3,21.7049,-2111.58,1.96203,0.2509
34600000,10,64.5208,-2096.92,6.68852,0.263804
34700000,3,17.5613,-2109.85,1.51539,0.255315
34800000,8,48.8583,-2098.8,2.42996,0.343865
34900000,5,34.4409,-2113.41,1.30941,0.256995
35000000,5,26.8577,-2107.7,5.27373,0.32667
35100000,3,19.0245,-2109.02,1.7612,0.240735
35200000,3,19.2376,-2117.92,1.11965,0.290522
35300000,6,38.5373,-2101.84,4.06237,0.24772
35400000,3,20.3914,-2106.44,1.23535,0.24262
35500000,3,20.5274,-2116.55,2.48795,0.2514
35600000,7,49.4152,-2097.08,1.96725,0.269696
35700000,4,24.3964,-2109.54,3.30632,0.24526
35800000,3,20.4762,-2114,2.0457,0.24164
35900000,3,18.8371,-2111.09,2.86154,0.322107
36000000,3,19.4934,-2110.69,1.80832,0.23411
36100000,5,36.1324,-2115.58,1.66256,0.261363
36200000,3,24.9312,-2127.9,1.07731,0.24984
36300000,3,19.0976,-2107.05,2.85118,0.293095
36400000,3,19.9437,-2107.56,1.64443,0.267523
36500000,4,27.6663,-2115.79,2.14498,0.24709
36600000,3,15.1337,-2107.4,3.1999,0.258972
36700000,3,19.9972,-2115.6,2.47641,0.244515
36800000,3,17.65,-2109.21,3.11859,0.26
36900000,4,26.6569,-2107.22,1.29324,0.25657
37000000,4,27.9634,-2110.83,3.68931,0.307495
37100000,3,19.4271,-2108.79,0.921428,0.256565
37200000,3,20.5757,-2111.48,1.99667,0.2653
37300000,3,17.7022,-2110.63,1.30005,0.24294
37400000,3,18.4485,-2109.54,0.776661,0.249756
37500000,3,16.7437,-2111.61,1.77629,0.246545
37600000,3,19.6348,-2110.17,2.14328,0.253273
37700000,3,18.8528,-2116.82,2.12683,0.271597
37800000,3,19.3544,-2113.5,2.10711,0.27237
37900000,3,15.8875,-2107.94,4.54201,0.231035
38000000,3,20.091,-2116.45,2.05455,0.24371
38100000,3,14.9867,-2108.96,2.71937,0.25329
38200000,2,14.566,-2120.09,1.45143,0.254578
38300000,2,14.3003,-2117.59,0.620978,0.19618
38400000,4,25.661,-2117.55,3.25402,0.248313
38500000,5,32.1291,-2116.84,3.45511,0.243883
38600000,3,18.2552,-2108.94,3.43087,0.281181
38700000,4,23.3545,-2103.6,2.7062,0.31463
38800000,3,19.6101,-2114.11,2.02517,0.276607
38900000,1,8.90907,-2134.18,1.1731,0.263083
39000000,4,26.6908,-2110.07,1.0995,0.258875
39100000,3,22.2662,-2110.63,1.3504,0.243477
39200000,6,35.8406,-2111.98,4.6088,0.264924
39300000,4,22.2253,-2108.16,0.958271,0.26955
39400000,4,25.2219,-2120.99,3.7571,0.260197
39500000,4,23.9225,-2105.93,0.663567,0.24841
39600000,1,9.00296,-2136.38,0.965671,0.286521
39700000,3,17.4748,-2108.74,2.00132,0.238772
39800000,4,27.7199,-2111.3,1.79507,0.26041
39900000,3,17.574,-2116.73,2.7243,0.26528
40000000,4,26.5634,-2119.52,2.37387,0.280569
40100000,2,14.1232,-2119.55,0.586528,0.215415
40200000,3,21.7822,-2114.7,2.15188,0.254425
40300000,2,12.0528,-2121.29,1.14586,0.254444
40400000,4,27.3622,-2114.35,1.2703,0.26879
40500000,2,13.5059,-2116.5,1.39931,0.20604
40600000,2,13.2166,-2116.41,1.59649,0.201
40700000,2,11.4571,-2123.87,0.62627,0.247927
40800000,2,14.1602,-2119.35,1.00562,0.20775
40900000,2,12.5889,-2115.51,1.45967,0.223603
41000000,4,28.5341,-2116.2,1.56507,0.25938
41100000,3,21.607,-2109.58,1.64452,0.219032
41200000,6,36.3132,-2103.52,3.81497,0.292925
41300000,8,49.3076,-2103.5,5.67332,0.30784
41400000,5,30.1239,-2120.89,2.15007,0.25273
41500000,5,30.1078,-2110.24,5.63528,0.32987
41600000,4,27.9639,-2120.17,1.97082,0.27916
41700000,5,25.6261,-2105.24,3.27031,0.28012
41800000,5,33.5556,-2104.04,2.28156,0.28167
41900000,3,17.5582,-2108.39,2.22227,0.255322
42000000,5,31.7125,-2106.7,1.63077,0.26637
42100000,2,13.0138,-2116.19,1.22684,0.236078
42200000,3,18.2953,-2111.61,2.9619,0.2685
42300000,4,22.4894,-2108.22,2.86786,0.238625
42400000,6,35.5236,-2100.29,3.66538,0.334103
42500000,8,48.4604,-2084.87,8.67803,0.34613
42600000,2,14.3484,-2115.34,0.968514,0.224714
42700000,6,38.0073,-2094.96,2.41664,0.31628
42800000,1,8.77655,-2133.57,1.33212,0.253902
42900000,1,7.74224,-2134.83,2.48619,0.28463
43000000,3,18.55,-2109.33,2.07163,0.245654
43100000,2,15.391,-2133.03,1.68497,0.28497
43200000,4,23.6136,-2108.59,2.52348,0.25434
43300000,6,40.6708,-2107.09,3.10276,0.26987
43400000,6,38.9033,-2095.14,2.22126,0.307134
43500000,3,20.0351,-2108.49,1.28987,0.27649
43600000,3,21.09,-2115.33,2.48233,0.279483
43700000,3,19.5789,-2107.64,1.76605,0.273238
43800000,3,22.443,-2112.29,1.5138,0.24799
43900000,3,18.6744,-2110.47,2.20876,0.223606
44000000,3,18.5648,-2119.48,3.85982,0.247998
44100000,4,25.8981,-2103.96,1.41111,0.28327
44200000,5,30.7297,-2108.97,5.28272,0.33431
44300000,7,44.0265,-2103.44,3.57075,0.28745
44400000,7,43.4143,-2102.36,3.04171,0.32952
44500000,5,29.6646,-2107.89,2.28269,0.25804
44600000,3,20.1514,-2121.63,1.71651,0.26191
44700000,3,20.3248,-2116.07,1.61276,0.24634
44800000,3,18.7821,-2107.56,2.40951,0.24332
44900000,6,31.6836,-2104.6,3.59351,0.24344
45000000,4,25.2528,-2113.53,1.43927,0.316083
45100000,2,14.8377,-2121.85,1.42797,0.25722
45200000,2,13.4809,-2118.32,1.1563,0.1969
45300000,3,17.0159,-2112.22,3.98083,0.261898
45400000,2,13.2531,-2119.61,2.64672,0.211093
45500000,2,11.8707,-2119.58,2.15195,0.19478
45600000,2,13.6334,-2120.35,1.17919,0.224574
45700000,4,28.3264,-2103.18,1.0048,0.24569
45800000,2,15.8696,-2126.9,1.06314,0.1989
45900000,3,19.2036,-2110.55,3.91456,0.25282
46000000,7,46.099,-2102.82,2.81963,0.268701
46100000,3,21.0486,-2134.22,3.69018,0.282746
46200000,3,18.8465,-2120.75,2.20084,0.259918
46300000,4,24.455,-2108.2,3.39141,0.269292
46400000,3,17.809,-2107.19,1.4079,0.290853
46500000,2,11.9826,-2119.85,0.826531,0.211402
46600000,2,13.1589,-2119.39,1.63489,0.23724
46700000,10,58.7291,-2098.43,9.11668,0.268464
46800000,6,40.6433,-2102.71,1.8068,0.35208
46900000,1,9.4603,-2135.86,0.389598,0.242023
47000000,9,53.9937,-2093.52,6.88827,0.310775
47100000,11,63.6283,-2097.6,6.96395,0.324802
47200000,10,59.4502,-2095.12,5.76926,0.34006
47300000,3,20.5399,-2117.25,2.66319,0.264475
47400000,4,25.1935,-2117.21,4.64449,0.25426
47500000,6,36.2034,-2103.44,2.73685,0.259943
47600000,2,10.3841,-2116.7,3.00899,0.245291
47700000,2,9.6407,-2121.01,4.089,0.22094
47800000,3,22.4501,-2120.18,0.31204,0.19463
47900000,5,36.0309,-2113.94,1.95965,0.23645
48000000,9,58.0296,-2101.56,2.22402,0.291794
48100000,2,12.4783,-2115.83,1.77009,0.246455
48200000,3,19.6887,-2112.66,2.08599,0.255425
48300000,7,43.0763,-2085.3,2.04254,0.307403
48400000,8,41.2137,-2083.16,7.4498,0.30712
48500000,4,19.9551,-2105.69,5.2259,0.277047
48600000,3,19.3115,-2109.54,1.43682,0.31824
48700000,3,22.3008,-2110.2,1.08171,0.24939
48800000,2,13.5711,-2115.81,1.30682,0.195542
48900000,2,12.1953,-2116.36,2.85414,0.15969
49000000,2,14.5801,-2117.19,0.624668,0.17101
49100000,1,8.10294,-2134.35,1.17241,0.283837
49200000,5,34.2663,-2111.93,3.81209,0.240964
49300000,4,23.6946,-2112.73,1.64198,0.228077
49400000,1,4.72905,-2136.03,4.21698,0.287137
49500000,3,19.1224,-2110.65,0.696853,0.24521
49600000,4,26.8558,-2113.84,2.188,0.275435
49700000,3,18.5641,-2110.69,2.98798,0.221863
49800000,3,20.0529,-2108.86,1.69941,0.23471
49900000,4,28.0405,-2127.19,2.00988,0.260028
50000000,3,18.1797,-2107.73,2.38639,0.26577
50100000,4,24.0205,-2113.83,1.01634,0.25336
50200000,1,9.61681,-2135.24,0.472584,0.277151
50300000,3,22.1685,-2121.77,0.951979,0.253747
50400000,6,38.7232,-2093.78,5.20039,0.2859
50500000,4,25.6223,-2109.36,3.33526,0.180187
50600000,8,49.1247,-2100.22,7.15805,0.350215
50700000,4,24.2172,-2109.78,3.88049,0.30843
50800000,3,16.3694,-2109.03,4.17321,0.240207
50900000,2,13.8978,-2119.32,1.32545,0.253193
51000000,3,21.2041,-2124.14,2.00489,0.22155
51100000,3,18.6076,-2120.29,1.8772,0.283492
51200000,2,11.9272,-2119.25,2.74442,0.235663
51300000,7,46.6231,-2096.49,2.89024,0.24529
51400000,9,63.7542,-2088.92,3.74945,0.35041
51500000,5,33.3705,-2113.26,1.47462,0.227477
51600000,2,13.9671,-2120.14,1.53267,0.23143
51700000,2,13.3123,-2116,0.517106,0.223139
51800000,5,33.9815,-2106.59,2.2177,0.303497
51900000,8,51.1858,-2091.93,3.78936,0.31822
52000000,6,37.3586,-2094.51,3.58262,0.321455
52100000,4,25.42,-2110.33,2.56276,0.292226
52200000,7,43.2081,-2085.55,5.29346,0.30016
52300000,3,17.1218,-2116.23,2.6381,0.27054
52400000,6,36.3159,-2087.72,1.96316,0.314806
52500000,4,25.8476,-2102.67,1.32252,0.324033
52600000,7,49.6367,-2093.24,3.12638,0.26039
52700000,6,35.3925,-2100,1.91898,0.33885
52800000,5,25.7925,-2105.7,5.03926,0.34027
52900000,6,36.4438,-2099.64,1.13215,0.279723
53000000,3,17.9911,-2114.63,1.75691,0.294945
53100000,4,27.9732,-2109.96,1.73549,0.24142
53200000,4,22.6201,-2106.96,1.80329,0.24541
53300000,3,20.1242,-2112.43,1.69713,0.29764
53400000,4,26.9163,-2113.13,2.51133,0.234227
53500000,3,19.8937,-2108.93,1.10506,0.254023
53600000,5,31.042,-2107.07,3.63816,0.270203
53700000,2,12.6837,-2116.63,0.906114,0.209647
53800000,2,11.2539,-2120.64,3.25142,0.23027
53900000,3,15.4235,-2105.98,3.04874,0.274053
54000000,3,19.1588,-2110.58,3.35352,0.237795
54100000,4,25.2685,-2110.31,2.14424,0.239668
54200000,6,30.22,-2101.88,6.28903,0.262927
54300000,4,27.2856,-2107.45,2.31632,0.224606
54400000,3,21.5247,-2117.85,1.72511,0.25127
54500000,3,22.6203,-2110.35,0.769535,0.30682
54600000,10,67.4065,-2099.94,6.61557,0.301742
54700000,7,44.8608,-2105.89,5.14194,0.36009
54800000,5,26.5314,-2097.37,3.20615,0.248927
54900000,7,46.4437,-2094.14,2.64149,0.327625
55000000,2,10.2241,-2115.5,1.53249,0.178764
55100000,3,21.0341,-2116.47,1.65848,0.279583
55200000,1,7.64173,-2132.91,1.81551,0.20916
55300000,7,42.231,-2105.46,5.08503,0.331587
55400000,7,46.9837,-2094.57,5.59185,0.34692
55500000,6,44.4803,-2104.25,2.8283,0.34901
55600000,7,43.2354,-2105.31,4.9244,0.305254
55700000,3,22.4305,-2119.34,1.72834,0.31878
55800000,8,51.9703,-2089.95,2.45515,0.334213
55900000,9,56.9624,-2100.95,4.77397,0.30437
56000000,6,37.7248,-2106.89,5.24988,0.32188
56100000,8,52.7356,-2093.58,4.64932,0.27968
56200000,2,12.7615,-2118.51,1.62562,0.228011
56300000,3,20.318,-2116.57,0.714608,0.23363
56400000,9,58.8637,-2089.42,5.20164,0.324303
56500000,5,33.9859,-2107.32,2.75717,0.34102
56600000,3,21.1358,-2117.85,2.67995,0.311318
56700000,6,39.0776,-2099.04,2.65566,0.33224
56800000,9,59.9265,-2096.46,4.27032,0.34343
56900000,3,21.569,-2111.18,1.02586,0.28741
57000000,3,19.2844,-2120.33,1.22654,0.25433
57100000,1,8.71092,-2135.89,0.247451,0.235026
57200000,4,28.6,-2116.15,1.6017,0.238834
57300000,3,18.9932,-2113.44,3.76443,0.244849
57400000,5,31.9275,-2111.68,1.99637,0.31779
57500000,4,25.3158,-2111.36,2.45323,0.261186
57600000,8,52.5293,-2103.8,3.56669,0.34
57700000,3,20.5652,-2110.98,0.90281,0.254047
57800000,1,9.14221,-2134.18,1.01575,0.288717
57900000,7,47.3777,-2100.46,5.14203,0.330397
58000000,3,20.7575,-2108.67,1.93681,0.24925
58100000,4,28.3197,-2106.83,1.33445,0.239965
58200000,5,31.7777,-2118.14,6.37252,0.250045
58300000,4,27.7639,-2107.32,2.79523,0.26226
58400000,2,13.5466,-2116.93,1.12718,0.238755
58500000,8,50.916,-2093.48,2.71114,0.288648
58600000,6,37.3088,-2107.63,2.76292,0.294867
58700000,7,41.1284,-2112.87,3.79923,0.33677
58800000,3,19.6245,-2109.55,2.98583,0.305243
58900000,3,20.3682,-2117.39,1.18376,0.243915
59000000,3,20.168,-2110.63,1.97805,0.238545
59100000,5,28.9441,-2108.14,3.97788,0.329705
59200000,3,19.4503,-2110.79,3.01075,0.277522
59300000,4,23.7514,-2110.58,1.46425,0.33303
59400000,4,28.7028,-2126.35,2.00608,0.30162
59500000,6,37.9921,-2110.58,3.64349,0.33093
59600000,4,24.6117,-2103.08,2.0563,0.270225
59700000,4,26.3212,-2108.64,1.4439,0.233398
59800000,4,26.1061,-2117.86,3.52967,0.25516
59900000,3,20.6157,-2111.07,1.38471,0.229939
60000000,3,18.8031,-2108.65,2.41734,0.22217
60100000,4,24.662,-2100.73,1.63564,0.296832
60200000,4,26.8588,-2103.87,1.8254,0.215565
60300000,9,59.5575,-2108.38,2.99262,0.29433
60400000,5,29.4818,-2118.99,4.03539,0.177975
60500000,3,18.0394,-2118.86,1.51036,0.238813
60600000,3,20.0506,-2109.14,1.95021,0.2554
60700000,5,32.2084,-2104.65,3.42649,0.228287
60800000,3,18.6592,-2115.63,2.51255,0.23138
60900000,9,57.1745,-2091.03,6.90907,0.31638
61000000,5,31.915,-2108.49,3.21836,0.34461
61100000,7,45.4439,-2085.32,4.51085,0.3279
61200000,3,17.2955,-2111.29,2.76594,0.312689
61300000,3,14.5428,-2116.65,2.78942,0.312295
61400000,4,25.7152,-2114.64,1.90245,0.228971
61500000,3,13.9122,-2108.24,2.95339,0.277057
61600000,4,27.7771,-2109.16,2.14249,0.25698
61700000,4,23.9031,-2108.36,3.87311,0.267
61800000,3,20.0898,-2114.75,1.12091,0.246353
61900000,4,22.2918,-2103.66,3.55558,0.231905
62000000,9,57.1133,-2091.93,6.35103,0.30941
62100000,4,21.4997,-2110.38,3.09715,0.25664
62200000,4,25.2485,-2119.15,2.90473,0.258872
62300000,7,41.808,-2087.51,3.11785,0.31983
62400000,3,19.2913,-2111.04,2.76234,0.26217
62500000,6,34.9924,-2099.27,3.13079,0.321695
62600000,6,39.3274,-2097.72,3.0778,0.33791
62700000,3,17.3849,-2106.3,1.56223,0.256038
62800000,3,18.8873,-2108.03,1.92276,0.25696
62900000,2,13.0025,-2120.84,0.630587,0.21043
63000000,5,31.1835,-2099.97,2.51005,0.304273
63100000,6,40.5093,-2100.51,2.77967,0.249377
63200000,4,22.1367,-2114.39,3.81702,0.32421
63300000,4,26.8665,-2115.16,1.89249,0.25946
63400000,6,37.3508,-2095.66,5.2196,0.350177
63500000,1,9.53247,-2134.83,0.310334,0.259834
63600000,4,27.1044,-2116.83,2.41563,0.2679
63700000,3,12.4627,-2111.18,4.0187,0.249473
63800000,3,21.3845,-2110.15,1.81963,0.257118
63900000,3,20.5232,-2116.38,1.13061,0.2514
64000000,5,28.7901,-2104.68,2.62136,0.289197
64100000,4,23.9196,-2103.32,1.44132,0.296972
64200000,4,30.2243,-2111.9,1.26234,0.26914
64300000,5,30.6747,-2101.95,3.63682,0.241998
64400000,6,37.9706,-2102.78,2.80176,0.317955
64500000,3,18.2231,-2110.13,3.23433,0.27636
64600000,6,34.6538,-2099.64,2.66574,0.303017
64700000,4,24.0233,-2124.43,4.84738,0.29508
64800000,1,8.27827,-2136.49,0.131436,0.237073
64900000,4,26.6463,-2111.23,3.08579,0.225323
65000000,3,20.4307,-2116.45,1.70766,0.303433
65100000,4,26.5429,-2106.56,1.83388,0.27692
65200000,1,8.09661,-2132.97,1.47476,0.30183
65300000,5,32.5526,-2106.22,3.03795,0.28021
65400000,5,33.3268,-2115.06,2.93685,0.242739
65500000,3,18.7323,-2117.17,3.0205,0.26037
65600000,3,17.8952,-2110.17,3.49937,0.254614
65700000,3,19.7968,-2111.2,1.70161,0.295422
65800000,3,18.7182,-2121.15,4.84393,0.260615
65900000,3,18.2795,-2118.63,3.38265,0.26741
66000000,3,17.1956,-2116.53,3.3459,0.26287
66100000,2,15.8338,-2118.41,0.239008,0.220548
66200000,3,19.7212,-2117.18,2.45924,0.265866
66300000,4,27.3988,-2105.11,2.05815,0.210215
66400000,2,12.3265,-2115.47,1.62611,0.208863
66500000,4,29.7061,-2118.5,2.11103,0.268565
66600000,1,9.24878,-2134.43,1.15518,0.228065
66700000,3,21.444,-2116.36,1.14878,0.257316
66800000,1,8.56398,-2134.65,1.31327,0.28608
66900000,3,20.7109,-2125.71,1.78704,0.26623
67000000,3,17.6392,-2118.2,3.30827,0.16388
67100000,3,20.0847,-2116.03,2.48262,0.229979
67200000,4,25.0564,-2106.16,2.10447,0.206023
67300000,4,29.6197,-2110.64,1.3193,0.19855
67400000,3,19.4518,-2109.71,0.994454,0.25362
67500000,5,29.2704,-2112.13,3.06935,0.270557
67600000,5,32.2279,-2108.15,1.33994,0.263335
67700000,6,39.6676,-2104.96,3.50077,0.26939
67800000,3,18.6422,-2111.74,2.25126,0.26814
67900000,2,15.5355,-2124.61,1.47257,0.29579
68000000,2,12.6062,-2116.67,1.1784,0.221423
68100000,2,11.7752,-2116.51,1.72914,0.201615
68200000,3,17.4403,-2110.72,1.98313,0.23124
68300000,4,27.9369,-2107.72,1.98101,0.279016
68400000,3,20.4434,-2114.98,2.7942,0.196851
68500000,9,58.3076,-2100.62,6.96981,0.34201
68600000,3,21.7272,-2112.09,2.14538,0.28319
68700000,2,11.9943,-2119.78,1.11585,0.224377
68800000,6,36.1622,-2102.33,4.66821,0.31263
68900000,4,20.9163,-2105.79,4.0921,0.207267
69000000,3,16.9206,-2113.47,4.38305,0.27083
69100000,4,25.6073,-2119.02,3.74253,0.256716
69200000,3,17.2861,-2115.64,3.87246,0.255755
69300000,5,33.4749,-2112.17,2.82646,0.23537
69400000,4,24.5171,-2115.89,2.66736,0.243913
69500000,6,36.3098,-2110.97,2.66546,0.27405
69600000,3,16.653,-2113.82,2.28252,0.240969
69700000,4,28.8621,-2108.61,1.7772,0.27105
69800000,5,29.7356,-2107.41,3.06579,0.244318
69900000,4,23.0181,-2114.85,3.8267,0.23897
70000000,4,28.4845,-2120.47,1.53212,0.23066
70100000,5,28.3436,-2106.89,2.31322,0.25258
70200000,6,36.9676,-2088.06,3.73372,0.329986
70300000,3,21.0923,-2107.55,1.52574,0.251795
70400000,6,38.6634,-2088.25,2.94029,0.315335
70500000,3,11.6153,-2106.65,4.3968,0.256245
70600000,3,15.8509,-2106.32,1.28181,0.254127
70700000,8,45.499,-2096.16,8.58412,0.335927
70800000,8,48.7248,-2098.04,3.71986,0.255161
70900000,3,21.1009,-2117.71,1.28403,0.260255
71000000,3,14.6904,-2107.12,5.52784,0.278425
71100000,3,18.2972,-2106.51,1.81578,0.241082
71200000,6,37.0225,-2107.15,5.95843,0.28715
71300000,5,28.9555,-2097.11,3.16882,0.26862
71400000,3,19.858,-2105.11,1.60717,0.255366
71500000,3,21.3523,-2109.09,1.041,0.256935
71600000,7,41.0371,-2088.17,5.87819,0.304657
71700000,9,58.6374,-2095.11,5.00994,0.32711
71800000,2,12.7956,-2119.5,0.993051,0.27247
71900000,3,20.8235,-2110.94,0.786119,0.268554
72000000,8,52.0613,-2100.13,2.37445,0.32082
72100000,6,36.9158,-2099.83,5.12801,0.32276
72200000,2,14.643,-2119.89,0.200616,0.243722
72300000,5,34.9793,-2106.3,2.82115,0.32306
72400000,3,20.4021,-2106.98,1.37777,0.286823
72500000,2,9.50328,-2117.72,3.71043,0.198173
72600000,6,34.8555,-2090.62,4.27979,0.312473
72700000,4,24.3496,-2105.12,3.58523,0.256427
72800000,2,11.0831,-2114.58,3.18541,0.19398
72900000,5,31.0286,-2097.17,1.91505,0.26537
73000000,6,40.4762,-2097.64,2.69415,0.314355
73100000,7,39.9854,-2093.62,3.68099,0.31062
73200000,7,42.9543,-2094.47,7.5928,0.30453
73300000,7,47.9052,-2088.42,1.80209,0.30465
73400000,7,43.4409,-2103.03,5.88896,0.258089
73500000,2,13.6722,-2116.8,1.24393,0.234816
73600000,9,64.5616,-2097.68,4.37683,0.315865
73700000,6,41.8544,-2096.23,3.56314,0.33872
73800000,3,17.971,-2106.63,0.706787,0.240271
73900000,6,39.483,-2100.17,1.95051,0.33986
74000000,3,21.101,-2115.9,3.17659,0.30987
74100000,2,13.8154,-2119.91,2.08666,0.214773
74200000,7,44.0741,-2102.33,4.01561,0.331427
74300000,5,27.0942,-2112.73,1.71841,0.221981
74400000,6,37.6612,-2088.03,5.68001,0.318405
74500000,3,20.6868,-2111.65,0.689464,0.259085
74600000,6,36.0931,-2113,6.66252,0.26748
74700000,6,38.1344,-2096.61,1.29986,0.278697
74800000,3,20.4071,-2108.6,2.93387,0.25069
74900000,4,28.9243,-2116.46,1.46862,0.32122
75000000,4,23.3266,-2117.72,2.52829,0.218344
75100000,5,32.5743,-2105.26,4.86547,0.248143
75200000,2,11.5033,-2118.43,2.5997,0.270193
75300000,3,16.9789,-2118.78,4.0137,0.23826
75400000,6,37.5528,-2116.03,4.03933,0.23569
75500000,3,19.747,-2110.42,3.0067,0.24432
75600000,3,17.2243,-2110.79,3.42116,0.2686
75700000,3,22.245,-2118.13,1.61868,0.265555
75800000,6,36.3773,-2098.7,4.4177,0.339845
75900000,4,26.2824,-2112.96,1.46877,0.23954
76000000,5,31.9761,-2101.96,1.55482,0.267193
76100000,3,20.2199,-2116.49,3.81266,0.249505
76200000,4,27.0146,-2108.5,2.15499,0.24736
76300000,6,38.7596,-2085.41,2.69208,0.32293
76400000,6,37.9721,-2098.53,3.18161,0.31149
76500000,3,21.5984,-2110.24,1.98314,0.248322
76600000,6,37.3813,-2106.55,3.28896,0.311275
76700000,3,22.557,-2113.05,1.14969,0.30263
76800000,4,23.8578,-2105.71,2.00461,0.244368
76900000,4,27.8138,-2104.64,1.38575,0.28445
77000000,4,21.1775,-2107.8,4.08046,0.318713
77100000,3,18.9276,-2113.73,3.48926,0.257557
77200000,4,28.3195,-2116.2,1.71482,0.203709
77300000,3,20.2062,-2112.21,2.44691,0.213335
77400000,2,14.6057,-2119.01,0.339011,0.28235
77500000,3,18.1071,-2108.86,1.69313,0.2627
77600000,7,41.1814,-2111.26,2.20689,0.266422
77700000,3,20.7431,-2121.13,1.04732,0.217688
77800000,3,17.6301,-2116.45,2.94771,0.266377
77900000,7,46.6603,-2094.55,1.46589,0.317813
78000000,6,35.7066,-2116.75,5.30669,0.28255
78100000,3,20.265,-2109.08,1.03643,0.220908
78200000,4,27.0486,-2121.68,2.21466,0.21283
78300000,3,19.3434,-2119.4,1.79629,0.25236
78400000,3,18.4035,-2116.11,1.10719,0.300955
78500000,3,19.4103,-2115.57,1.57161,0.293532
78600000,3,21.8711,-2111.52,1.8127,0.289731
78700000,3,20.1601,-2111.96,0.937411,0.305733
78800000,5,32.3634,-2119.58,2.06241,0.31083
78900000,3,16.6378,-2110.18,3.67912,0.247323
79000000,3,19.8282,-2107.48,0.733868,0.28333
79100000,4,29.9388,-2114.68,1.12438,0.25812
79200000,3,20.5885,-2110.93,3.17906,0.232824
79300000,3,19.3512,-2116.58,2.04938,0.24797
79400000,2,13.9979,-2117.53,0.562824,0.25575
79500000,4,22.1457,-2107.35,4.08533,0.26156
79600000,3,19.0861,-2107.34,1.13086,0.242832
79700000,4,21.8227,-2119.01,3.94513,0.251052
79800000,9,61.9251,-2105.66,1.8196,0.28363
79900000,7,47.6633,-2100.96,2.28454,0.31311
80000000,8,49.5257,-2101.6,5.57973,0.31058
80100000,4,24.2303,-2107.66,2.24479,0.222314
80200000,4,21.4903,-2107.57,5.25311,0.247219
80300000,4,22.1772,-2110.85,3.9119,0.341157
80400000,3,18.9844,-2110.68,4.41393,0.248185
80500000,3,21.8022,-2114.05,0.699105,0.22769
80600000,4,25.2976,-2106.17,3.6602,0.253278
80700000,3,22.8804,-2115.01,0.926106,0.240675
80800000,3,18.6432,-2106.55,1.64411,0.22714
80900000,4,24.7685,-2111.15,2.18196,0.299042
81000000,4,24.7452,-2106.52,3.73103,0.27644
81100000,4,24.4325,-2115.2,2.44395,0.28334
81200000,5,34.3213,-2105.67,1.9862,0.227495
81300000,8,50.1288,-2102.84,3.36671,0.315945
81400000,4,25.5826,-2100.43,1.47662,0.23599
81500000,4,25.337,-2109.04,3.2279,0.257796
81600000,3,19.3554,-2115.32,4.06534,0.236842
81700000,3,19.3624,-2118.79,2.7089,0.274703
81800000,3,16.613,-2107.44,4.43033,0.2381
81900000,2,14.6079,-2118.23,0.773974,0.177087
82000000,6,39.3927,-2111.05,3.47207,0.331996
82100000,10,55.2411,-2092.68,5.81601,0.3529
82200000,5,32.4037,-2106.29,1.51894,0.35097
82300000,2,14.8515,-2123.55,1.20952,0.258296
82400000,3,20.1292,-2116.41,2.11274,0.195854
82500000,3,18.8052,-2109.88,3.8778,0.26944
82600000,2,13.7637,-2119.48,1.20676,0.183215
82700000,4,24.3352,-2113.37,2.31397,0.19015
82800000,3,21.4527,-2110.6,1.50458,0.21722
82900000,3,19.0755,-2114.54,1.05839,0.229915
83000000,5,27.2423,-2112.02,2.53302,0.235377
83100000,4,21.9589,-2103.35,3.73983,0.2568
83200000,5,31.2452,-2103.2,4.50881,0.31208
83300000,5,28.005,-2106.01,4.86459,0.23635
83400000,7,41.876,-2103.43,3.80123,0.33408
83500000,3,20.7767,-2108.4,0.59248,0.2854
83600000,4,24.0565,-2107.04,4.11618,0.269336
83700000,9,54.156,-2093.99,4.84914,0.340057
83800000,4,26.0989,-2117.56,1.55614,0.25817
83900000,5,32.3034,-2121.59,4.79835,0.248825
84000000,6,38.6221,-2099.88,1.74908,0.321607
84100000,3,17.4716,-2121.23,3.0119,0.240805
84200000,3,16.0692,-2108.11,4.0648,0.247265
84300000,4,29.2276,-2115.8,1.0766,0.26699
84400000,3,20.3531,-2113.12,2.83784,0.25906
84500000,4,28.441,-2121.63,1.5269,0.24566
84600000,6,36.8736,-2097.74,3.77664,0.222531
84700000,3,12.9122,-2107.67,7.28574,0.26219
84800000,5,31.0038,-2103.42,1.82122,0.25325
84900000,4,24.8366,-2110.46,5.11534,0.330464
85000000,3,21.4752,-2109.44,1.53646,0.24814
85100000,3,20.2886,-2112.73,0.601079,0.236402
85200000,4,22.5254,-2115.42,2.01781,0.265966
85300000,4,25.868,-2110.89,1.29252,0.265273
85400000,4,23.0755,-2101.28,2.38552,0.27382
85500000,7,48.0658,-2100.73,3.68784,0.266685
85600000,8,55.6546,-2092.78,3.07817,0.33403
85700000,6,39.2711,-2098.3,2.53828,0.34582
85800000,8,48.0973,-2098.91,3.43975,0.33014
85900000,10,65.0002,-2099.04,5.15589,0.335245
86000000,7,46.1286,-2103.44,3.11304,0.290036
86100000,6,37.5452,-2097.13,3.88874,0.319943
86200000,1,9.81889,-2133.79,0.228691,0.230511
86300000,6,31.1244,-2089.14,5.32114,0.3072
86400000,4,25.3283,-2115.87,3.22505,0.303156
86500000,6,36.9642,-2093.26,4.73998,0.29227
86600000,12,72.175,-2097.67,4.45015,0.32139
86700000,9,56.9006,-2091.27,4.38173,0.322354
86800000,6,38.2952,-2105.11,2.90375,0.32481
86900000,4,26.1546,-2118.62,2.86929,0.3098
87000000,3,22.6319,-2111.94,1.45685,0.27339
87100000,6,34.7268,-2114.64,5.29777,0.300013
87200000,3,21.4395,-2118.28,2.61964,0.27101
87300000,4,25.8695,-2116.15,2.80685,0.28051
87400000,5,32.2604,-2109.67,2.76916,0.302027
87500000,6,38.8487,-2117.99,3.71384,0.30127
87600000,3,18.615,-2117.27,1.38634,0.23579
87700000,4,23.1777,-2111.83,5.67461,0.262126
87800000,2,14.2196,-2120.79,0.359234,0.23162
87900000,3,21.2836,-2125.51,0.40933,0.275653
88000000,3,18.8163,-2116.48,1.37637,0.20054
88100000,7,49.1677,-2117.82,4.14002,0.28785
88200000,8,44.0385,-2097.45,5.71162,0.256649
88300000,5,30.1147,-2100.3,2.31412,0.26567
88400000,7,42.382,-2100.81,3.97631,0.301775
88500000,6,38.3315,-2108.23,2.36135,0.33714
88600000,7,39.6839,-2106.45,7.52542,0.33996
88700000,7,47.4607,-2097.62,2.24494,0.288799
88800000,6,33.4449,-2102.37,1.91415,0.34198
88900000,6,36.4474,-2098.88,3.83199,0.31318
89000000,5,29.8765,-2110.85,4.03831,0.341867
89100000,5,30.516,-2100.3,3.70997,0.33217
89200000,2,13.8921,-2117.22,1.08969,0.280313
89300000,5,31.5013,-2107.69,3.77424,0.25197
89400000,4,26.6846,-2115.38,2.78112,0.32359
89500000,2,11.8935,-2117.33,2.23448,0.201457
89600000,5,33.7169,-2103.85,1.71967,0.256075
89700000,3,21.0032,-2119.66,0.828965,0.2699
89800000,3,18.7898,-2127.49,2.4506,0.279668
89900000,4,26.9322,-2106.22,2.84183,0.25618
90000000,3,20.7727,-2110.1,0.847326,0.256553
90100000,3,17.8599,-2109.01,3.1282,0.248505
90200000,6,32.6976,-2112.22,2.35379,0.234844
90300000,5,32.0914,-2110.57,1.29072,0.252535
90400000,2,13.1569,-2119.11,1.73349,0.22876
90500000,10,68.2875,-2100.74,2.61817,0.266085
90600000,4,24.0786,-2117.17,3.64557,0.257019
90700000,3,19.2399,-2119.18,1.15178,0.20423
90800000,4,24.9644,-2111.76,1.27031,0.20873
90900000,3,21.8441,-2110.37,1.13533,0.24209
91000000,4,25.918,-2110.19,3.78955,0.21852
91100000,2,13.0074,-2116.38,1.54145,0.23512
91200000,4,24.2703,-2113.91,2.99628,0.209606
91300000,2,13.4069,-2116.73,0.694455,0.20686
91400000,3,18.8654,-2117.51,1.38068,0.19699
91500000,2,14.3891,-2127.15,1.25488,0.248007
91600000,2,14.6486,-2126.8,0.885585,0.25465
91700000,2,11.4329,-2121.34,0.661563,0.20215
91800000,2,13.118,-2119.43,1.9809,0.24192
91900000,1,8.20664,-2132.67,0.858174,0.224266
92000000,2,13.0775,-2117.18,0.689226,0.21988
92100000,4,28.0951,-2114.29,1.57092,0.240218
92200000,3,17.3714,-2126.88,2.97449,0.288367
92300000,4,23.9243,-2106.4,2.11935,0.231453
92400000,6,37.8536,-2102.02,4.08764,0.29916
92500000,1,8.98205,-2133.91,1.03077,0.293513
92600000,1,9.81738,-2135,0.875647,0.28842
92700000,6,39.4036,-2111.84,6.65607,0.306333
92800000,4,24.8184,-2117.41,2.83632,0.27984
92900000,4,24.5084,-2107.33,2.17547,0.256584
93000000,1,10.0319,-2136.11,0.26523,0.253877
93100000,4,21.9528,-2109.91,4.25482,0.257105
93200000,3,21.6382,-2107.25,0.652821,0.25164
93300000,3,18.7902,-2115.4,2.91082,0.243991
93400000,6,34.6613,-2103.59,4.21493,0.31178
93500000,3,20.1184,-2112.15,1.27404,0.29227
93600000,6,35.2173,-2101.65,2.68204,0.26302
93700000,4,25.3921,-2104.6,2.36311,0.247202
93800000,4,27.077,-2109,1.76582,0.26346
93900000,3,20.0347,-2122.37,1.49452,0.287331
94000000,2,13.0429,-2116.65,1.1992,0.23822
94100000,2,11.0456,-2115.6,1.35797,0.217337
94200000,2,11.8267,-2119.71,2.87113,0.231714
94300000,2,8.60291,-2118.13,5.50367,0.19435
94400000,2,13.9975,-2118.82,1.74531,0.208588
94500000,4,23.8229,-2100.5,1.9796,0.24125
94600000,3,19.3757,-2109.31,1.81001,0.2108
94700000,3,21.3859,-2110.87,1.85813,0.21925
94800000,5,25.3021,-2111.18,5.26003,0.24605
94900000,3,21.0392,-2109.68,1.24385,0.21812
95000000,5,31.159,-2103.86,4.48078,0.30332
95100000,6,39.8885,-2102.12,5.87298,0.260273
95200000,7,47.7386,-2089.87,3.68069,0.297915
95300000,7,45.969,-2088.22,3.3248,0.29663
95400000,5,31.9296,-2097.56,2.13707,0.250946
95500000,3,18.5914,-2111.2,2.23275,0.330707
95600000,3,21.9225,-2112.97,1.28321,0.27113
95700000,6,38.3496,-2099.75,3.19728,0.304055
95800000,4,28.523,-2106.76,0.99662,0.325147
95900000,6,36.4931,-2089.03,3.75576,0.28202
96000000,9,55.604,-2093.15,2.46762,0.30367
96100000,6,33.6096,-2089.95,2.6412,0.30264
96200000,8,50.136,-2100.25,3.6654,0.315692
96300000,6,36.4019,-2110.66,5.77862,0.34229
96400000,5,26.8065,-2095.58,2.19492,0.275125
96500000,7,45.6127,-2094.15,3.68457,0.324965
96600000,3,20.9975,-2110.7,0.480651,0.30407
96700000,4,28.5961,-2120.47,1.97501,0.28817
96800000,3,17.8101,-2107.49,2.00218,0.260154
96900000,3,17.2511,-2110.23,2.1071,0.247075
97000000,4,26.5941,-2111.45,1.7097,0.301303
97100000,3,19.6793,-2111.77,0.623311,0.285837
97200000,2,13.305,-2123.99,1.36311,0.24387
97300000,2,11.767,-2118.65,1.58256,0.19631
97400000,6,38.9336,-2126.29,2.34466,0.303185
97500000,5,34.2539,-2106.16,2.30101,0.229508
97600000,2,12.2163,-2128.97,0.545252,0.21528
97700000,4,25.8683,-2111.94,2.73961,0.195701
97800000,3,22.3772,-2117.01,1.57798,0.26677
97900000,4,22.218,-2113.02,1.97243,0.252767
98000000,2,14.1092,-2116.02,0.29977,0.235969
98100000,5,30.8907,-2100.21,3.11473,0.287235
98200000,2,14.2415,-2116.29,1.16082,0.201948
98300000,3,17.1584,-2114.36,2.32053,0.228086
98400000,3,17.1187,-2108.61,0.757467,0.20444
98500000,4,23.3526,-2107.32,5.6668,0.20825
98600000,3,20.072,-2109.97,1.7587,0.222523
98700000,3,20.295,-2107.61,1.14366,0.25466
98800000,4,28.3032,-2116.62,2.25932,0.25772
98900000,5,33.7665,-2112.48,2.90239,0.26987
99000000,3,19.5973,-2111,1.73894,0.27223
99100000,4,27.5043,-2115.22,1.84163,0.24975
99200000,4,24.9875,-2111.14,2.56764,0.25972
99300000,2,14.6224,-2116.8,1.31802,0.236216
99400000,4,26.3278,-2107.26,1.79384,0.23816
99500000,4,27.2795,-2108.42,2.9299,0.25285
99600000,2,12.1859,-2116.67,2.5325,0.238922
99700000,6,38.5611,-2086.74,3.29674,0.315265
99800000,6,36.7726,-2118.81,2.62904,0.254117
99900000,3,19.768,-2120.78,2.56862,0.26435
