generation,N_shifts,logPrior,logLik,eventRate,acceptRate
0,0,7.1673,-2378.88,1,0
100000,0,4.09798,-2150.44,0.695463,0.145099
200000,0,4.9386,-2151.23,0.125761,0.151019
300000,0,3.74152,-2152.26,0.804838,0.148733
400000,3,21.0142,-2110.4,0.898162,0.227465
500000,0,4.75629,-2150.54,0.0778116,0.148113
600000,2,14.1756,-2124.95,0.87015,0.220835
700000,2,11.5129,-2118.29,2.14826,0.20752
800000,3,19.273,-2133.83,2.28427,0.207474
900000,1,9.14102,-2134.28,1.15457,0.201405
1000000,1,9.47563,-2135.15,0.8101,0.28215
1100000,1,8.0482,-2133.17,1.61983,0.28666
1200000,1,7.91261,-2131.96,0.433367,0.28978
1300000,2,14.4478,-2125.15,1.12101,0.22847
1400000,7,45.1866,-2096.66,3.40109,0.270845
1500000,3,19.9662,-2115.59,2.47676,0.21724
1600000,2,13.1304,-2117.54,1.88965,0.244032
1700000,2,14.2973,-2120.84,1.16664,0.21821
1800000,5,31.6521,-2102.71,2.67059,0.34072
1900000,7,39.1664,-2082.42,4.54232,0.31658
2000000,4,29.2598,-2116.84,1.90563,0.27021
2100000,8,47.1794,-2097.18,3.79131,0.305735
2200000,4,24.2094,-2108.89,1.46146,0.268018
2300000,4,29.2337,-2112.05,0.760384,0.291113
2400000,5,33.5589,-2104.41,3.51644,0.29747
2500000,2,12.0775,-2131.62,3.68516,0.235275
2600000,3,19.9557,-2109.96,2.7865,0.307234
2700000,6,37.4746,-2095.84,4.31214,0.326667
2800000,4,27.1411,-2108.53,1.42945,0.258734
2900000,3,21.693,-2116.17,2.03291,0.2644
3000000,4,29.0165,-2115.21,1.14003,0.29197
3100000,4,25.38,-2122.67,2.52191,0.243176
3200000,4,26.6102,-2125.46,3.7817,0.25879
3300000,14,93.5855,-2094.84,10.2739,0.313863
3400000,7,42.8311,-2093.17,1.88572,0.33586
3500000,9,60.1341,-2112.03,5.47234,0.34835
3600000,4,26.3614,-2119.57,1.28045,0.332652
3700000,5,31.6136,-2109.67,3.03498,0.29966
3800000,4,21.8297,-2111.81,2.01748,0.242757
3900000,4,26.5409,-2107.89,2.30467,0.25593
4000000,2,12.1949,-2118.67,1.33814,0.293346
4100000,3,19.9533,-2109.57,1.03232,0.262695
4200000,7,39.6962,-2094.44,3.67538,0.33367
4300000,5,33.7799,-2109.08,1.28038,0.259385
4400000,3,17.3514,-2108.02,2.78751,0.247383
4500000,4,21.8461,-2107.85,2.28008,0.258246
4600000,3,20.2129,-2110.65,1.75073,0.244067
4700000,3,19.1416,-2112.77,1.74943,0.2415
4800000,4,26.4734,-2104.96,2.26737,0.256473
4900000,4,21.6497,-2102.58,3.11232,0.261715
5000000,4,24.1621,-2108.76,2.45963,0.274162
5100000,4,27.7331,-2104.05,1.97357,0.255143
5200000,5,31.8655,-2109.3,2.38463,0.23495
5300000,5,25.6453,-2113.65,4.13078,0.261151
5400000,3,20.354,-2110.42,1.12917,0.240034
5500000,5,30.1954,-2100.49,2.91935,0.25719
5600000,5,29.3948,-2102.77,1.92658,0.256415
5700000,3,20.0299,-2112.5,1.56559,0.245577
5800000,5,29.0973,-2106.76,3.35652,0.292413
5900000,6,39.4354,-2102.77,2.93863,0.24671
6000000,3,18.9336,-2109.6,1.90533,0.254325
6100000,5,33.2959,-2117.28,2.33582,0.271435
6200000,3,15.4998,-2109.63,2.81678,0.24607
6300000,5,30.4911,-2110.29,2.54688,0.249758
6400000,5,31.1423,-2121.08,3.99409,0.28464
6500000,6,38.9318,-2092.19,6.48128,0.299883
6600000,2,10.4517,-2117.18,1.81411,0.208255
6700000,3,16.4933,-2107.98,4.33149,0.258685
6800000,2,12.5344,-2115.65,1.68518,0.259543
6900000,2,12.1808,-2115.46,0.75313,0.19581
7000000,3,20.505,-2110.48,1.19709,0.292977
7100000,2,12.443,-2119.23,1.8317,0.19567
7200000,4,24.9203,-2113.02,2.05858,0.24927
7300000,4,27.2491,-2112.21,2.51074,0.256557
7400000,4,25.3653,-2112.74,1.77191,0.238349
7500000,4,19.5708,-2110.56,3.21222,0.22
7600000,3,17.0921,-2108.44,3.08489,0.229948
7700000,4,25.0325,-2116.94,1.97721,0.251916
7800000,6,33.0973,-2108.83,2.86555,0.254705
7900000,4,29.5536,-2113.72,1.24209,0.258437
8000000,5,29.5253,-2102.25,2.84038,0.24466
8100000,3,20.4868,-2118.66,1.23372,0.25429
8200000,4,24.4532,-2109.6,2.5045,0.26009
8300000,2,9.87478,-2117.44,1.9285,0.216987
8400000,3,21.1754,-2116.09,1.02508,0.25645
8500000,2,7.19833,-2119.57,5.04479,0.24968
8600000,5,28.6433,-2107.53,5.97867,0.19347
8700000,5,28.5442,-2103.02,2.53662,0.249708
8800000,7,42.981,-2104.66,2.46699,0.25051
8900000,6,33.4329,-2088.18,2.9084,0.31564
9000000,3,19.6315,-2106.8,3.19695,0.26513
9100000,3,21.0689,-2114.85,1.2928,0.24823
9200000,4,27.8473,-2116.52,2.18401,0.256812
9300000,4,20.9923,-2106.94,4.1708,0.33664
9400000,3,17.3078,-2106.29,2.68033,0.25854
9500000,3,18.1541,-2114.6,1.61562,0.240867
9600000,3,21.2959,-2119.93,3.76579,0.25445
9700000,3,19.6286,-2108.1,1.29339,0.26642
9800000,3,22.6545,-2118.26,1.12194,0.262682
9900000,2,15.0879,-2118.35,0.335296,0.245227
10000000,2,11.7274,-2116.8,3.32984,0.20937
10100000,3,21.1741,-2122.65,1.41165,0.295957
10200000,3,16.698,-2112.1,4.02962,0.220754
10300000,5,28.9646,-2117.62,2.62188,0.235257
10400000,4,19.9717,-2106.45,1.97484,0.27309
10500000,3,17.6098,-2118.85,1.21353,0.238893
10600000,3,18.0694,-2109.19,1.76756,0.249215
10700000,4,24.3493,-2109.67,1.3531,0.25815
10800000,3,19.0063,-2110.05,1.74773,0.24373
10900000,6,36.272,-2110.61,5.19094,0.26945
11000000,1,9.02992,-2136.46,1.16004,0.260787
11100000,2,13.972,-2117.63,0.829638,0.211613
11200000,4,27.8459,-2119.75,2.28164,0.31106
11300000,1,8.58056,-2133.84,1.09398,0.283317
11400000,2,14.3632,-2131.06,2.7462,0.28948
11500000,3,19.2318,-2110.84,4.23708,0.247127
11600000,4,25.3971,-2107.2,2.02841,0.298635
11700000,3,19.1659,-2109.87,0.971617,0.23773
11800000,3,18.5209,-2107.64,1.98731,0.25564
11900000,3,19.0829,-2111.11,3.09049,0.25327
12000000,3,20.791,-2111.81,2.97429,0.23862
12100000,1,8.42666,-2135.07,1.98721,0.287286
12200000,2,13.2643,-2136.52,1.57645,0.26857
12300000,3,16.5029,-2109.23,5.04008,0.244128
12400000,2,13.1421,-2116.65,0.414981,0.26764
12500000,2,13.613,-2128.74,1.65132,0.15489
12600000,3,16.1479,-2121.89,2.55199,0.2451
12700000,4,23.0785,-2103.43,5.4707,0.233915
12800000,2,13.8566,-2124.68,0.685534,0.22605
12900000,3,21.6248,-2108.93,1.2901,0.22242
13000000,2,11.6081,-2115.33,3.02203,0.20876
13100000,7,43.7633,-2096.89,4.91675,0.211309
13200000,7,39.9044,-2089.28,4.94863,0.31654
13300000,4,21.9423,-2107.44,3.57182,0.252752
13400000,7,46.9153,-2095.96,3.18708,0.321575
13500000,4,24.5171,-2111.78,2.9038,0.26891
13600000,5,28.0246,-2106.28,4.89748,0.29148
13700000,3,16.2535,-2115.39,1.53368,0.21459
13800000,2,12.3638,-2114.72,0.701932,0.245179
13900000,4,23.6324,-2101.96,2.16723,0.260762
14000000,5,32.1875,-2111.4,2.7516,0.258101
14100000,2,14.78,-2134.49,1.46805,0.255233
14200000,3,21.4636,-2108.77,1.03937,0.25061
14300000,3,18.3554,-2110.97,2.26,0.19738
14400000,1,10.3758,-2135.16,0.263076,0.287313
14500000,4,25.1623,-2108.54,2.83156,0.254978
14600000,3,19.1921,-2114.33,1.14568,0.225588
14700000,1,8.99275,-2136.06,1.49353,0.291343
14800000,5,36.6285,-2108.64,1.23996,0.295267
14900000,4,26.9085,-2114.84,4.33843,0.34353
15000000,4,21.4333,-2109.97,1.12068,0.18638
15100000,4,26.1458,-2121.03,2.24629,0.28953
15200000,4,27.5277,-2106.76,2.01572,0.29616
15300000,4,27.0146,-2110.17,3.84748,0.238804
15400000,1,9.22416,-2134.5,0.598946,0.286006
15500000,3,21.4868,-2112,1.65297,0.270015
15600000,1,8.35261,-2132.85,0.669186,0.291345
15700000,3,20.8001,-2128.1,1.10867,0.290246
15800000,6,33.6027,-2115.31,5.17183,0.28437
15900000,4,22.9489,-2107.78,1.04002,0.225973
16000000,3,20.9945,-2114.61,1.77679,0.209313
16100000,3,21.7792,-2121.38,0.310815,0.206987
16200000,2,11.2281,-2119.79,5.2158,0.23245
16300000,3,20.1444,-2107.09,1.21254,0.23209
16400000,5,31.321,-2099.73,3.5464,0.30435
16500000,4,22.6502,-2119.85,2.44698,0.306251
16600000,8,51.4595,-2104.12,2.66308,0.31349
16700000,4,28.098,-2114.53,1.51756,0.2932
16800000,3,19.9061,-2123.53,2.23706,0.236002
16900000,3,20.4061,-2111.54,2.46527,0.25191
17000000,5,30.4475,-2105.72,4.63303,0.311225
17100000,4,25.905,-2115.57,3.00913,0.2685
17200000,4,19.0525,-2115.38,4.7292,0.26163
17300000,3,21.0879,-2110.78,0.85399,0.23139
17400000,3,21.4195,-2107.32,1.18785,0.212173
17500000,2,11.31,-2117.63,1.42256,0.259362
17600000,3,22.2193,-2115.47,1.95976,0.233273
17700000,3,18.9673,-2115.98,3.52315,0.26918
17800000,3,19.0168,-2107.19,2.25228,0.223752
17900000,5,34.4601,-2105.29,1.99325,0.26081
18000000,3,24.4447,-2123.73,0.918777,0.28757
18100000,2,12.8675,-2115.63,0.460584,0.230822
18200000,3,20.1606,-2110.39,2.14468,0.31546
18300000,4,26.5309,-2110.22,4.19421,0.25843
18400000,2,14.0373,-2117.42,1.08582,0.222342
18500000,4,23.4594,-2104.97,2.97508,0.219773
18600000,4,26.6865,-2110.47,1.21972,0.24969
18700000,3,16.1655,-2106.47,3.07212,0.23355
18800000,2,12.8766,-2122.86,3.25898,0.206803
18900000,3,17.7773,-2107.29,2.86913,0.243577
19000000,5,34.3385,-2114.47,2.90383,0.27528
19100000,4,26.7864,-2110.37,4.15643,0.20076
19200000,3,21.5743,-2119.8,1.19053,0.253817
19300000,4,27.5659,-2111.79,1.14107,0.25579
19400000,5,29.218,-2107.83,3.79225,0.252933
19500000,2,12.0218,-2119.53,1.14302,0.22914
19600000,1,9.64414,-2135.81,0.778723,0.268486
19700000,1,9.49794,-2136.45,1.09245,0.28949
19800000,3,19.05,-2106.4,1.4179,0.244415
19900000,1,9.13055,-2135.99,0.779283,0.28213
20000000,2,12.3775,-2117.66,2.08954,0.178945
20100000,2,13.2341,-2117.9,1.65321,0.23373
20200000,2,11.3222,-2114.96,1.81281,0.155405
20300000,3,20.148,-2111.8,3.03426,0.21837
20400000,3,20.6408,-2118.73,1.84021,0.21237
20500000,2,13.7306,-2126.5,1.6315,0.221268
20600000,3,20.1788,-2105.27,0.845604,0.216457
20700000,4,26.5325,-2102.79,1.64093,0.251596
20800000,6,31.5652,-2108.65,4.95761,0.30528
20900000,7,45.1736,-2101.62,3.63233,0.33854
21000000,3,22.3016,-2111.49,1.6111,0.28195
21100000,5,32.2082,-2112.64,3.26124,0.29261
21200000,3,20.0607,-2126.01,1.12684,0.28079
21300000,4,25.0882,-2109.22,3.12626,0.232383
21400000,3,20.1385,-2117.34,1.5517,0.212535
21500000,2,13.9732,-2119.14,0.529193,0.20221
21600000,3,19.6922,-2108.48,1.06309,0.213375
21700000,1,9.24155,-2134.28,0.661807,0.25197
21800000,7,44.5526,-2096.22,5.52559,0.299665
21900000,1,9.58622,-2135.62,0.770909,0.26875
22000000,1,11.0232,-2138.07,0.0860216,0.27494
22100000,6,39.1496,-2109.04,1.56599,0.30114
22200000,2,14.1098,-2118.62,0.889302,0.18737
22300000,2,12.4358,-2118.04,0.909751,0.246811
22400000,4,24.0864,-2110.15,3.044,0.236467
22500000,2,14.3892,-2118.18,0.949768,0.242319
22600000,4,22.966,-2109.27,3.90201,0.25026
22700000,3,19.2313,-2108.13,0.561779,0.25044
22800000,7,41.0437,-2081.88,4.42712,0.293563
22900000,8,55.3395,-2096.91,3.41314,0.31799
23000000,6,42.6214,-2099.03,2.89048,0.31287
23100000,1,6.83871,-2135.41,2.55776,0.252327
23200000,1,8.94673,-2134.7,1.27957,0.28495
23300000,3,20.6545,-2118.09,1.59669,0.212015
23400000,1,8.12006,-2132.43,1.29725,0.285035
23500000,3,20.8561,-2109.62,0.881876,0.21481
23600000,2,11.9704,-2116.96,0.371832,0.24153
23700000,3,17.6648,-2105.55,1.58203,0.3011
23800000,4,23.163,-2118.77,3.5913,0.24981
23900000,2,12.7713,-2116.05,0.299709,0.21462
24000000,2,9.88173,-2117.89,2.04824,0.1901
24100000,1,6.42532,-2132.82,1.45882,0.258034
24200000,3,18.0033,-2106.74,2.40235,0.24003
24300000,5,36.0181,-2113.6,3.02936,0.231755
24400000,1,9.236,-2134.7,0.394349,0.29028
24500000,5,29.3177,-2108.17,4.52863,0.31075
24600000,6,36.9116,-2102.79,2.72709,0.30308
24700000,1,9.26474,-2138.66,0.404508,0.301259
24800000,8,46.626,-2087.39,3.01496,0.3126
24900000,1,9.28013,-2138.75,0.137949,0.29028
25000000,4,22.33,-2099.6,1.42732,0.261164
25100000,3,21.8258,-2108.21,1.42514,0.25625
25200000,1,9.35048,-2133.89,0.660244,0.287372
25300000,5,24.3533,-2106.2,3.20443,0.259645
25400000,1,9.15867,-2135.55,0.0527781,0.28807
25500000,6,40.2261,-2102.84,1.44438,0.257835
25600000,7,39.9394,-2089.36,2.10225,0.31025
25700000,3,18.6459,-2115.6,2.74462,0.275388
25800000,3,19.6994,-2109.39,2.58072,0.22557
25900000,3,18.2883,-2115.12,3.14674,0.245092
26000000,4,21.7343,-2110.3,4.49291,0.2225
26100000,4,25.4393,-2108.2,3.38084,0.2559
26200000,3,15.668,-2108.81,3.61644,0.24503
26300000,3,18.8556,-2111.34,2.00924,0.24389
26400000,5,30.6954,-2105.68,3.8585,0.25396
26500000,3,15.6627,-2117.76,4.02686,0.274591
26600000,5,28.5505,-2110.39,2.30775,0.25387
26700000,6,38.9137,-2102.03,2.44624,0.258357
26800000,3,18.7178,-2109.54,1.23039,0.25885
26900000,4,26.0065,-2109.34,0.878178,0.24387
27000000,3,17.5326,-2108.01,1.21983,0.24741
27100000,3,20.0835,-2115.91,0.64645,0.257806
27200000,3,19.109,-2106.27,2.40259,0.25251
27300000,3,17.9794,-2102.5,1.58485,0.243214
27400000,4,28.2897,-2105.47,1.31302,0.24062
27500000,3,19.4655,-2111.78,2.66912,0.257356
27600000,3,20.9334,-2114.54,1.76865,0.209583
27700000,3,21.2837,-2119.36,1.12139,0.226711
27800000,4,24.7713,-2117.04,2.83246,0.254005
27900000,5,30.3971,-2102.3,3.17575,0.24167
28000000,3,17.5754,-2107.91,4.29339,0.26311
28100000,3,21.7275,-2116.75,1.40166,0.22153
28200000,2,12.0725,-2119.06,3.14725,0.19499
28300000,4,23.597,-2108.79,2.19822,0.25547
28400000,9,57.6016,-2106.79,3.35541,0.248777
28500000,3,20.9098,-2109.01,3.16188,0.251195
28600000,8,51.3541,-2104.74,2.66283,0.345495
28700000,3,17.3152,-2107.09,2.06214,0.25111
28800000,4,28.495,-2114.91,2.0697,0.222907
28900000,3,17.6964,-2106.55,1.48143,0.255535
29000000,3,19.7311,-2109.08,1.87024,0.22357
29100000,3,16.9774,-2110.17,4.49837,0.23702
29200000,3,20.9386,-2117.17,1.28136,0.254987
29300000,4,27.89,-2109.63,1.73462,0.250863
29400000,3,19.0604,-2109.31,3.75811,0.262386
29500000,3,18.9558,-2112.07,3.10638,0.25623
29600000,9,54.5404,-2106.29,6.57175,0.293967
29700000,3,16.6069,-2108.17,3.87387,0.25136
29800000,6,42.5213,-2101.15,2.39363,0.332845
29900000,4,23.2248,-2100.55,1.97034,0.250755
30000000,5,25.8194,-2101.89,4.60073,0.248774
30100000,3,18.9462,-2111.37,1.12626,0.247645
30200000,3,21.1413,-2121.34,1.75437,0.283948
30300000,2,14.8506,-2118.56,0.0518726,0.24553
30400000,3,20.1313,-2109.33,1.69837,0.25053
30500000,3,17.4192,-2111.27,3.51422,0.257965
30600000,7,48.6921,-2117.59,3.20826,0.268342
30700000,3,20.9509,-2118.73,1.75412,0.201947
30800000,8,49.8168,-2098.06,2.71286,0.256338
30900000,5,31.1441,-2107.98,2.42469,0.248755
31000000,4,27.0129,-2105.57,1.82717,0.257602
31100000,3,21.7704,-2115.14,1.57334,0.26327
31200000,3,22.6094,-2116.06,1.01023,0.231598
31300000,3,21.0746,-2110.11,0.941031,0.26087
31400000,3,19.6048,-2107.38,2.34288,0.280969
31500000,4,26.7258,-2112.3,2.00229,0.26478
31600000,3,19.6146,-2107.97,1.40095,0.214583
31700000,3,18.6382,-2115.18,2.63131,0.21955
31800000,3,17.8724,-2106.7,3.46157,0.228188
31900000,3,21.8075,-2109.58,0.841084,0.244385
32000000,4,25.1118,-2109.68,2.07868,0.220605
32100000,3,19.2869,-2108.18,3.00016,0.22569
32200000,3,20.0113,-2110.62,1.65998,0.24961
32300000,3,17.4519,-2108.3,2.9116,0.253346
32400000,4,22.5534,-2105.88,3.58282,0.24405
32500000,2,12.9903,-2120.05,3.26883,0.181668
32600000,4,25.5315,-2108.68,2.16672,0.250673
32700000,3,19.2009,-2110.92,2.54327,0.192875
32800000,3,19.1456,-2109.37,2.31916,0.246438
32900000,5,29.5512,-2108.76,3.2177,0.256014
33000000,3,18.9301,-2108.11,2.66383,0.250655
33100000,3,19.2314,-2107.67,1.69661,0.23463
33200000,3,20.5799,-2120.94,1.30633,0.262362
33300000,3,21.7878,-2111.04,0.917966,0.25241
33400000,3,19.496,-2107.66,2.90649,0.25553
33500000,3,19.3619,-2123.08,1.72713,0.244322
33600000,4,24.6486,-2115.62,0.597817,0.2595
33700000,5,31.4664,-2116.53,2.34486,0.254681
33800000,5,30.4701,-2105.85,2.89296,0.303265
33900000,4,26.2064,-2112.96,1.97978,0.214016
34000000,5,25.6913,-2106.77,4.64408,0.270712
34100000,4,26.9516,-2105.54,2.61843,0.246645
34200000,3,19.9796,-2113.22,1.34729,0.255938
34300000,3,17.5335,-2108.64,1.86143,0.22385
34400000,3,22.1566,-2109.74,0.779481,0.26806
34500000,4,29.4922,-2114.13,1.24545,0.22166
34600000,3,17.9381,-2119.17,2.09663,0.21545
34700000,3,20.4715,-2119.96,1.7652,0.297067
34800000,4,24.3845,-2109.86,4.90404,0.25633
34900000,4,25.7055,-2105.48,2.39036,0.256915
35000000,3,18.7617,-2110.03,1.31448,0.26061
35100000,3,17.9848,-2107.96,1.71011,0.270006
35200000,7,47.1412,-2117.6,3.29576,0.212198
35300000,5,27.6456,-2102.29,2.45009,0.23836
35400000,4,22.7288,-2120.21,2.86825,0.240104
35500000,5,36.8453,-2119.5,2.28396,0.253978
35600000,3,19.0649,-2106.21,1.60668,0.24083
35700000,3,20.2674,-2109.16,1.83548,0.24192
35800000,3,16.2596,-2111.27,3.03095,0.26184
35900000,3,21.804,-2118.9,2.28379,0.206102
36000000,3,19.8039,-2117.82,3.35815,0.24191
36100000,5,35.9043,-2111.39,2.26482,0.26843
36200000,4,28.6423,-2112.48,2.25972,0.254785
36300000,3,21.4264,-2112.54,0.421423,0.24692
36400000,4,23.1457,-2111.29,4.64354,0.25234
36500000,8,53.7115,-2103.3,2.24138,0.29602
36600000,4,24.9437,-2102.36,4.14749,0.258106
36700000,5,34.586,-2107.69,1.47834,0.25831
36800000,3,20.8423,-2110.66,2.24417,0.231954
36900000,4,22.417,-2109.38,3.4158,0.24172
37000000,4,26.3448,-2108.63,3.55372,0.271094
37100000,5,31.8603,-2111.95,4.35197,0.224253
37200000,4,22.1183,-2111.46,1.99443,0.2405
37300000,3,16.7662,-2108.87,4.16252,0.21257
37400000,11,56.3016,-2083.95,9.03687,0.31335
37500000,4,18.2131,-2114.8,3.42893,0.250883
37600000,3,15.9752,-2114.05,3.51803,0.24914
37700000,4,23.3427,-2109.34,3.28189,0.33788
37800000,3,19.2994,-2110.89,2.08372,0.230773
37900000,3,19.7156,-2116.56,0.862369,0.228832
38000000,6,40.8688,-2106.64,2.08661,0.280257
38100000,7,48.4833,-2094.05,3.51194,0.28292
38200000,8,49.7946,-2123.33,4.39662,0.310635
38300000,7,42.6233,-2099.12,6.41879,0.3457
38400000,3,19.9552,-2108,1.56958,0.20918
38500000,8,48.533,-2099.79,3.65197,0.32051
38600000,6,39.0512,-2103.45,3.33165,0.337883
38700000,5,31.9821,-2111.48,4.21434,0.27422
38800000,3,16.9788,-2105.52,1.63432,0.226137
38900000,4,26.7038,-2107.59,1.37069,0.219781
39000000,6,39.5253,-2109.63,3.04951,0.336618
39100000,5,29.1428,-2106.11,2.16478,0.270522
39200000,4,25.5495,-2110.84,0.645233,0.25216
39300000,4,27.7405,-2121.89,2.65371,0.28224
39400000,3,19.855,-2109.02,1.84247,0.248266
39500000,3,20.7251,-2109.6,1.0745,0.217597
39600000,4,25.0623,-2114.74,1.76816,0.2496
39700000,11,70.0002,-2095.34,6.80177,0.34065
39800000,3,18.573,-2109.99,1.7567,0.245955
39900000,7,48.7174,-2096.52,4.85509,0.33637
40000000,3,19.1959,-2109.85,1.51246,0.229404
40100000,5,29.7285,-2113.7,1.80488,0.22491
40200000,6,36.4284,-2103.05,2.89184,0.25581
40300000,3,17.1706,-2107.99,1.33352,0.22795
40400000,3,18.6764,-2113.2,1.97545,0.21233
40500000,2,13.9397,-2115.64,0.683235,0.25131
40600000,3,17.5107,-2108.44,3.71095,0.244582
40700000,4,27.9452,-2111.36,1.25328,0.23656
40800000,4,28.5056,-2115.36,2.57462,0.217597
40900000,4,26.7989,-2104.68,2.32782,0.246715
41000000,5,33.5606,-2107.7,2.29703,0.25454
41100000,4,26.5129,-2108.85,1.74227,0.259145
41200000,5,32.0877,-2109.37,2.40152,0.24698
41300000,4,25.5116,-2108.36,3.47164,0.240627
41400000,4,28.1195,-2110.56,1.76753,0.24738
41500000,4,26.6662,-2109.1,3.8044,0.23923
41600000,2,14.8515,-2120.73,1.07777,0.23334
41700000,3,19.5564,-2114.95,1.30505,0.278662
41800000,2,11.8233,-2115.87,1.35078,0.234113
41900000,5,30.886,-2102.51,5.06715,0.26009
42000000,3,20.8532,-2121.4,3.18741,0.214953
42100000,5,32.5838,-2108.82,3.35476,0.306145
42200000,5,32.181,-2107.38,3.24786,0.30702
42300000,3,16.6627,-2113.26,3.18387,0.241143
42400000,4,25.3245,-2103.74,3.00912,0.280385
42500000,4,23.7038,-2109.7,2.80085,0.32417
42600000,4,25.9441,-2116.21,1.20624,0.27981
42700000,4,26.3964,-2105.14,0.663554,0.19
42800000,3,20.8324,-2111.46,0.933698,0.210799
42900000,3,19.395,-2108.77,3.02239,0.26785
43000000,3,19.2373,-2107.77,3.11234,0.26866
43100000,3,18.2758,-2111.94,2.58662,0.24596
43200000,3,18.1898,-2110,3.1504,0.21176
43300000,3,19.5451,-2111.88,2.22486,0.24755
43400000,4,25.2023,-2114.13,2.10537,0.23474
43500000,4,22.723,-2113.01,4.064,0.248916
43600000,3,20.2329,-2110.06,0.617256,0.24575
43700000,6,38.0478,-2118.97,5.29083,0.26684
43800000,5,31.8813,-2100.51,1.84159,0.249406
43900000,3,15.8657,-2108.63,3.07996,0.218397
44000000,1,8.57454,-2134.6,0.703848,0.207193
44100000,3,15.8211,-2106.45,2.43056,0.203165
44200000,3,17.8825,-2110.78,3.69497,0.30047
44300000,4,28.488,-2111.37,1.68303,0.214755
44400000,3,19.8366,-2115.1,1.00595,0.25297
44500000,4,26.5077,-2106.19,1.66939,0.24826
44600000,4,23.431,-2113.15,2.57676,0.27412
44700000,4,22.6497,-2109.28,5.24946,0.220287
44800000,3,18.8745,-2108.99,3.11463,0.25906
44900000,8,52.1705,-2091.74,2.82651,0.249144
45000000,8,51.1286,-2089.11,3.22903,0.31815
45100000,3,16.7335,-2110.53,3.7363,0.26244
45200000,4,21.3235,-2111.95,4.95622,0.260825
45300000,3,20.4524,-2108.92,1.57895,0.274583
45400000,4,23.9425,-2108.09,2.05453,0.255255
45500000,3,18.9346,-2109.68,0.921299,0.244
45600000,6,35.7319,-2101.04,3.28332,0.257315
45700000,3,15.8021,-2114.64,3.63241,0.256147
45800000,8,51.9945,-2100.12,3.16567,0.328405
45900000,5,32.7518,-2117.04,3.93237,0.34436
46000000,3,21.2548,-2107.91,1.00069,0.271716
46100000,4,21.4502,-2111.6,4.02923,0.247325
46200000,3,15.5518,-2108.28,3.96339,0.208067
46300000,5,31.2478,-2100.02,1.10099,0.280745
46400000,5,29.2439,-2102.65,3.59479,0.260785
46500000,4,23.1255,-2116.71,4.26458,0.305055
46600000,7,43.6638,-2087.77,2.66268,0.31652
46700000,4,25.5127,-2113.28,2.64688,0.227996
46800000,3,17.2418,-2112.06,1.74248,0.258554
46900000,3,16.5033,-2119.43,1.25155,0.20241
47000000,3,17.214,-2110.4,3.15111,0.19486
47100000,3,20.9148,-2109.41,0.501745,0.2139
47200000,3,19.2232,-2117.9,0.59247,0.248035
47300000,3,19.6228,-2108.47,1.5378,0.235765
47400000,2,13.4848,-2124.71,1.42275,0.2399
47500000,2,12.2804,-2118.26,1.0133,0.20764
47600000,3,23.7584,-2118.23,0.810525,0.299677
47700000,2,11.6567,-2120.06,1.41767,0.166848
47800000,2,12.334,-2122.37,1.47657,0.2806
47900000,6,37.9895,-2104.69,4.92298,0.25236
48000000,3,22.6587,-2116.64,1.16933,0.25518
48100000,5,29.5241,-2111.31,4.08301,0.19905
48200000,6,36.8304,-2104.03,1.24015,0.2559
48300000,2,14.2078,-2117.25,0.439086,0.266943
48400000,3,18.9005,-2108.53,1.83211,0.21227
48500000,3,20.1527,-2112.76,3.04019,0.27373
48600000,3,19.6415,-2109.2,2.27456,0.23774
48700000,3,20.6605,-2110.7,1.29473,0.248591
48800000,4,27.6963,-2110.62,1.36039,0.258375
48900000,4,27.4182,-2109.69,1.62868,0.25978
49000000,3,19.7414,-2112.46,1.05936,0.25335
49100000,4,24.7985,-2108.51,3.13115,0.24556
49200000,3,16.4457,-2114.06,1.87417,0.25313
49300000,1,9.45565,-2135.51,0.905747,0.269745
49400000,3,19.7592,-2109.62,0.834332,0.237439
49500000,5,32.8773,-2114.29,1.89361,0.219549
49600000,4,26.4481,-2108.52,0.968788,0.264887
49700000,3,17.7018,-2110.05,2.49885,0.22613
49800000,3,19.4405,-2108.63,1.4311,0.24556
49900000,3,18.4562,-2108.76,3.96555,0.252283
50000000,2,13.3337,-2118.83,0.299581,0.279974
50100000,3,16.2693,-2110.76,3.60174,0.22554
50200000,4,27.5103,-2102.64,0.442635,0.22606
50300000,3,19.2494,-2108.2,2.40122,0.24236
50400000,2,9.89857,-2115.53,2.86414,0.19997
50500000,3,20.4706,-2111.71,0.354128,0.2148
50600000,4,26.9375,-2117.32,1.68084,0.232415
50700000,4,26.7492,-2110.67,2.80087,0.221675
50800000,3,21.2559,-2115.59,2.03722,0.220005
50900000,2,12.0808,-2119.65,3.57964,0.242954
51000000,3,21.759,-2114.48,0.543644,0.21275
51100000,4,27.2059,-2115.19,2.23978,0.21726
51200000,4,26.5554,-2123.67,2.25839,0.213995
51300000,6,39.2251,-2103.26,2.60437,0.3321
51400000,3,18.773,-2107.59,2.157,0.202005
51500000,5,34.6185,-2111.24,2.32063,0.22058
51600000,3,20.1207,-2120.72,3.27379,0.23637
51700000,3,22.112,-2109.22,1.88393,0.225678
51800000,4,26.4451,-2111.55,2.80897,0.236314
51900000,3,17.0736,-2109.51,2.85016,0.219787
52000000,3,17.7369,-2107.31,2.73615,0.233882
52100000,6,39.5167,-2098.06,2.19117,0.29398
52200000,3,18.1477,-2105.78,1.33765,0.254893
52300000,4,23.659,-2109.34,0.742161,0.283434
52400000,2,10.7746,-2119.02,0.962312,0.223988
52500000,2,12.2803,-2118.62,1.08102,0.204283
52600000,1,8.59599,-2133.77,1.65996,0.25134
52700000,3,18.8272,-2114.83,0.971579,0.254063
52800000,3,18.93,-2111.05,2.9886,0.264422
52900000,3,18.4618,-2113.1,1.727,0.206845
53000000,2,13.4654,-2115.86,1.33996,0.17147
53100000,3,18.7216,-2107.87,1.43574,0.201002
53200000,2,12.3023,-2116.76,2.47197,0.23078
53300000,2,14.0924,-2117.27,0.595077,0.16657
53400000,3,18.8807,-2112.46,3.04421,0.18987
53500000,5,34.1024,-2115.64,2.87899,0.22769
53600000,6,35.8215,-2102.43,5.23916,0.259188
53700000,4,21.6031,-2112.92,2.073,0.268296
53800000,3,23.3904,-2116.99,1.1183,0.2679
53900000,6,32.499,-2087.72,4.68127,0.311973
54000000,7,44.4445,-2103.14,4.01675,0.32589
54100000,8,43.8104,-2104.78,4.09488,0.29606
54200000,5,30.2246,-2109.69,1.71628,0.34589
54300000,13,83.0892,-2107.86,5.66062,0.288625
54400000,3,20.5324,-2112.66,3.22109,0.31197
54500000,3,20.4855,-2115.3,2.86733,0.26841
54600000,4,25.2372,-2109.11,3.04217,0.235724
54700000,4,27.7078,-2108.47,2.05609,0.22024
54800000,4,24.4443,-2114.16,2.72334,0.2366
54900000,3,21.7393,-2113.69,2.28945,0.24155
55000000,5,35.3239,-2114.14,2.24379,0.235732
55100000,3,15.4647,-2114.61,2.06512,0.24882
55200000,4,21.3009,-2111.38,4.76973,0.225822
55300000,4,24.9943,-2115.42,2.00912,0.23089
55400000,4,26.464,-2109.47,1.10557,0.22203
55500000,3,20.0209,-2118.46,0.97643,0.196442
55600000,5,33.1764,-2114.1,2.07069,0.238138
55700000,4,30.2343,-2106.43,0.984166,0.261602
55800000,3,17.5924,-2109.28,2.52339,0.25214
55900000,3,19.3551,-2109.41,1.5489,0.220672
56000000,3,19.0739,-2106.6,1.22806,0.235445
56100000,3,17.4872,-2107.47,3.06062,0.22954
56200000,3,19.2792,-2109.71,2.11736,0.24092
56300000,3,17.6333,-2107.84,4.04981,0.222327
56400000,3,20.2484,-2108.42,1.43623,0.22911
56500000,3,18.7182,-2114.96,2.60016,0.21683
56600000,3,19.3978,-2107.93,2.25822,0.22981
56700000,4,25.7513,-2103.52,1.06141,0.217125
56800000,3,22.1105,-2114.67,1.5473,0.254387
56900000,3,20.4184,-2111.88,1.56541,0.187745
57000000,3,17.4021,-2109.6,2.57902,0.20354
57100000,3,20.588,-2107.22,1.12765,0.20107
57200000,4,24.6187,-2109.36,4.09664,0.26245
57300000,5,31.1517,-2100.15,2.89387,0.31948
57400000,6,40.4917,-2115.55,3.03198,0.32952
57500000,3,20.257,-2109.63,2.15025,0.1938
57600000,4,24.2644,-2117.29,3.56856,0.295985
57700000,4,28.1947,-2106.36,1.34114,0.221392
57800000,3,18.9096,-2109.51,2.43613,0.223794
57900000,3,21.5711,-2111.19,2.06944,0.26339
58000000,7,44.9972,-2110.39,7.30389,0.26441
58100000,4,28.8105,-2106.94,1.1851,0.25803
58200000,3,21.9995,-2110.76,0.982054,0.221208
58300000,4,26.7794,-2103.95,4.25301,0.22661
58400000,6,36.9622,-2114.73,4.33561,0.231305
58500000,4,25.4891,-2103.95,0.753291,0.236005
58600000,6,42.9919,-2094.33,2.02913,0.270264
58700000,5,31.6559,-2100.78,2.95815,0.28143
58800000,3,19.5236,-2111.7,2.36702,0.245637
58900000,4,15.7046,-2104.97,3.35192,0.30102
59000000,5,31.54,-2109.09,3.49692,0.26428
59100000,8,46.1357,-2105.32,4.94901,0.228576
59200000,6,37.4612,-2107.1,4.755,0.27872
59300000,4,24.9173,-2103.04,2.00174,0.251696
59400000,3,20.294,-2109.3,0.91729,0.202635
59500000,4,22.6602,-2109.71,0.935208,0.240915
59600000,5,29.8526,-2109.64,1.73854,0.268898
59700000,10,63.8334,-2096.7,3.66917,0.34328
59800000,7,43.5327,-2097.66,3.03696,0.35221
59900000,3,16.8257,-2114.9,2.92946,0.224743
60000000,5,27.4702,-2109.83,2.16837,0.32574
60100000,3,21.4331,-2115.57,1.57017,0.21102
60200000,2,15.8909,-2123.01,1.08881,0.235905
60300000,3,20.0654,-2108.98,1.96738,0.268374
60400000,1,9.12811,-2133.05,0.46448,0.240875
60500000,7,40.2552,-2098.83,4.02024,0.24447
60600000,2,9.45417,-2135.47,4.40505,0.28576
60700000,4,26.6569,-2108.07,2.61069,0.23773
60800000,4,22.6407,-2101.26,2.69408,0.249494
60900000,4,28.7156,-2111.25,0.609103,0.238735
61000000,3,20.5811,-2108.48,1.02662,0.22603
61100000,4,24.0152,-2101.67,2.50733,0.247687
61200000,4,22.7274,-2105.15,1.74159,0.21749
61300000,3,21.3301,-2108.15,0.802232,0.25065
61400000,3,18.1951,-2106.64,2.45998,0.25174
61500000,4,18.8973,-2102.93,4.16567,0.218966
61600000,3,17.5495,-2108.62,1.28291,0.22562
61700000,3,19.3054,-2108.36,0.976098,0.258587
61800000,5,31.9267,-2115.75,4.78718,0.246658
61900000,3,17.4696,-2105.38,3.71377,0.212883
62000000,3,21.9191,-2109.87,0.724663,0.21608
62100000,3,18.9529,-2110.29,1.20967,0.248463
62200000,2,12.5793,-2117.48,1.0318,0.24336
62300000,2,14.4158,-2118.01,0.798703,0.20084
62400000,5,30.6296,-2108.07,2.98529,0.271698
62500000,5,35.8025,-2116,1.94142,0.2999
62600000,6,35.5199,-2099.25,3.82663,0.231917
62700000,5,29.9108,-2100.74,3.96999,0.32037
62800000,4,26.6658,-2104.85,2.9141,0.34851
62900000,4,25.8348,-2110.06,3.95295,0.215346
63000000,3,18.7734,-2113.04,2.006,0.313668
63100000,3,20.6896,-2108.89,0.398729,0.25065
63200000,8,51.9586,-2092.46,3.59308,0.304035
63300000,3,21.5207,-2108.63,2.0587,0.22937
63400000,6,40.5834,-2105.12,2.7733,0.271307
63500000,2,12.2302,-2116.14,0.662046,0.174305
63600000,5,31.1809,-2106.82,2.70941,0.280445
63700000,7,43.9661,-2093.45,3.69753,0.315938
63800000,7,46.8483,-2094.82,3.2401,0.327025
63900000,6,41.7587,-2107.77,2.16365,0.30742
64000000,2,13.7841,-2117.65,1.54774,0.1874
64100000,4,29.4347,-2110.57,1.51863,0.23216
64200000,4,28.074,-2117.27,2.72849,0.313223
64300000,2,15.8755,-2121.89,0.663383,0.25389
64400000,7,40.6225,-2112.61,6.54444,0.219057
64500000,3,21.0769,-2112.52,2.28366,0.27222
64600000,5,32.3533,-2103.15,0.959544,0.26056
64700000,3,16.6433,-2118.58,4.69469,0.25461
64800000,7,44.1703,-2094.64,4.59503,0.335812
64900000,4,27.3321,-2111.02,2.73344,0.30478
65000000,6,42.2492,-2104.79,3.77795,0.311523
65100000,5,33.5228,-2113.46,4.10693,0.268749
65200000,4,25.9133,-2110.6,2.47548,0.279755
65300000,3,20.3847,-2117.85,2.35551,0.29393
65400000,3,20.3983,-2117.22,1.02152,0.25502
65500000,3,20.897,-2116.29,2.1334,0.2728
65600000,3,19.2811,-2107.78,1.88576,0.2303
65700000,5,36.0986,-2113.14,1.40217,0.264103
65800000,4,24.1238,-2106.98,2.47375,0.202825
65900000,3,16.5439,-2110.95,2.01877,0.260665
66000000,3,18.0813,-2110.02,1.80369,0.24795
66100000,6,39.8116,-2113.92,1.82146,0.303358
66200000,2,10.1255,-2117.28,2.17183,0.20077
66300000,3,19.7836,-2116.47,1.86723,0.15378
66400000,3,23.1566,-2114.47,1.86079,0.315333
66500000,3,20.6781,-2110.05,2.27103,0.284274
66600000,3,18.1148,-2107.12,3.74583,0.244832
66700000,4,28.4667,-2115,2.78155,0.234855
66800000,3,21.4167,-2117.94,2.59158,0.26278
66900000,5,29.5467,-2104.91,4.30081,0.24485
67000000,6,37.4792,-2102.43,1.74173,0.306275
67100000,3,21.9328,-2113.16,1.5763,0.23307
67200000,3,20.4092,-2109.01,1.65263,0.23567
67300000,7,43.5429,-2097.67,4.98032,0.341637
67400000,2,10.9208,-2116.11,2.61748,0.231885
67500000,3,20.418,-2110.91,2.9591,0.223293
67600000,2,13.0984,-2116.26,1.61058,0.250939
67700000,4,29.4365,-2116.76,2.35524,0.279207
67800000,3,21.5906,-2115.29,1.23284,0.2442
67900000,3,16.9357,-2111.55,1.72608,0.24978
68000000,5,28.6121,-2110.92,4.09058,0.225497
68100000,2,10.0136,-2116.74,1.87858,0.177801
68200000,2,11.9371,-2116.66,1.09964,0.15818
68300000,2,10.2366,-2116.65,2.58804,0.1652
68400000,4,26.3324,-2106.3,1.21481,0.25396
68500000,3,19.819,-2108.29,1.09006,0.23868
68600000,1,9.68097,-2134.09,0.243067,0.257011
68700000,2,12.6069,-2114.78,0.523836,0.150125
68800000,3,17.6418,-2110.32,1.31401,0.20956
68900000,6,37.9144,-2105.57,5.58876,0.296902
69000000,4,28.1752,-2107.3,1.51161,0.248175
69100000,3,15.5864,-2109.2,2.68717,0.156837
69200000,2,12.5725,-2115.84,1.33391,0.260703
69300000,2,13.243,-2120.48,2.47666,0.179285
69400000,1,8.54073,-2133.97,0.304194,0.2232
69500000,4,24.2829,-2114.28,2.42624,0.17887
69600000,3,19.0576,-2108.31,4.02392,0.20276
69700000,1,9.64144,-2134.88,0.486531,0.22193
69800000,3,17.7226,-2112.64,1.9098,0.233816
69900000,1,7.34324,-2134.5,1.98073,0.290665
70000000,2,13.2337,-2117.25,1.22947,0.167675
70100000,1,9.47608,-2135.71,0.454883,0.178703
70200000,4,25.2075,-2117.57,1.18044,0.266323
70300000,3,20.1855,-2111.79,0.881808,0.287296
70400000,4,28.0072,-2114.86,3.18912,0.28786
70500000,1,8.03564,-2135.12,0.53039,0.261028
70600000,4,25.1509,-2113.92,4.13721,0.293135
70700000,3,21.1599,-2111.04,0.539785,0.209307
70800000,7,48.3302,-2095.35,2.62329,0.27885
70900000,3,21.2126,-2111.85,1.83727,0.262443
71000000,7,46.476,-2105.49,1.67574,0.309695
71100000,2,12.786,-2118.06,1.84717,0.18736
71200000,4,29.4138,-2109.06,0.69661,0.24617
71300000,2,11.0446,-2116.31,3.08877,0.15582
71400000,5,30.6314,-2102.38,1.24054,0.261264
71500000,9,59.3823,-2105.82,6.56843,0.28203
71600000,3,18.8044,-2115.7,3.79147,0.19658
71700000,3,21.0473,-2110.62,2.55857,0.23603
71800000,3,19.9009,-2120.44,1.34037,0.308437
71900000,3,19.9729,-2125.29,2.12396,0.26057
72000000,3,21.6996,-2112.42,1.12012,0.253755
72100000,10,57.3258,-2107.77,9.38188,0.290156
72200000,8,43.6115,-2096.48,6.84413,0.34736
72300000,6,38.527,-2115.8,3.26784,0.31798
72400000,4,24.4181,-2104.27,1.75621,0.261
72500000,3,15.9772,-2111.48,4.68703,0.23069
72600000,6,38.5909,-2107.76,3.03546,0.252483
72700000,3,16.8368,-2115.06,4.22832,0.26331
72800000,4,22.0229,-2112.6,0.898007,0.279265
72900000,4,27.3188,-2106.35,1.90936,0.25041
73000000,8,56.0162,-2113.34,4.09653,0.321933
73100000,3,19.8145,-2110.23,1.85164,0.21678
73200000,3,18.5791,-2109.25,2.36871,0.28585
73300000,4,24.1916,-2108.21,0.887179,0.28984
73400000,6,34.8428,-2113.85,3.23492,0.25115
73500000,4,25.8265,-2104.1,0.798149,0.28365
73600000,5,29.0615,-2110.96,4.83677,0.24974
73700000,4,24.5244,-2105.17,3.90626,0.269848
73800000,5,32.2546,-2111.11,3.0174,0.31368
73900000,6,36.4524,-2107.06,3.12489,0.27332
74000000,5,34.0637,-2118.19,3.32933,0.29779
74100000,3,22.0872,-2108.99,0.997783,0.24329
74200000,3,20.5073,-2107.1,1.22226,0.240417
74300000,4,28.5026,-2112.42,2.10203,0.229765
74400000,3,21.8114,-2112.58,1.12712,0.2379
74500000,3,18.009,-2118.65,3.05101,0.222412
74600000,5,26.4816,-2106.41,5.36244,0.256503
74700000,3,21.9173,-2107.06,1.02337,0.238203
74800000,6,36.6654,-2106.64,4.42699,0.345145
74900000,4,25.6682,-2111.33,1.88918,0.235518
75000000,3,20.2989,-2109.98,0.647796,0.22483
75100000,2,12.9571,-2115.57,1.27308,0.194615
75200000,3,13.8635,-2114.66,3.23234,0.16046
75300000,3,20.2837,-2106.82,2.50663,0.3049
75400000,4,18.0794,-2113.73,4.33804,0.26394
75500000,5,32.4075,-2105.54,2.14653,0.26115
75600000,1,9.81827,-2135,0.341578,0.246555
75700000,4,23.9208,-2119.21,3.18159,0.266005
75800000,4,24.7439,-2113.91,1.98311,0.193385
75900000,3,19.2636,-2108.73,1.58839,0.250147
76000000,3,18.4742,-2114.47,1.04623,0.256367
76100000,4,26.8089,-2107.87,2.14891,0.229037
76200000,5,27.3822,-2104.26,1.83226,0.261855
76300000,3,19.304,-2106.32,2.08622,0.24423
76400000,4,24.3516,-2109.95,1.61603,0.196546
76500000,3,20.3963,-2111.32,1.88529,0.23602
76600000,3,21.6938,-2110.8,0.629871,0.227567
76700000,5,28.4208,-2101.82,2.73274,0.281848
76800000,6,37.4399,-2105.44,4.85845,0.277393
76900000,3,20.6311,-2111.94,2.67704,0.219748
77000000,5,28.5096,-2107.82,4.05717,0.24263
77100000,3,18.3241,-2109.7,3.66003,0.27841
77200000,3,20.8423,-2109.05,1.28527,0.223102
77300000,3,17.4676,-2113.95,0.920011,0.22504
77400000,6,39.5908,-2097.27,2.44129,0.316
77500000,5,32.1757,-2109.21,1.26833,0.28943
77600000,6,35.2118,-2099.38,3.5005,0.33858
77700000,9,63.2532,-2102.85,3.69831,0.33249
77800000,2,11.0429,-2118.8,1.40186,0.210787
77900000,4,27.638,-2118.35,2.02212,0.27368
78000000,2,14.4134,-2118.74,1.89393,0.241652
78100000,6,34.0853,-2113.28,3.174,0.24319
78200000,3,15.9414,-2113.95,3.37698,0.27541
78300000,4,25.9422,-2121.04,1.21844,0.196472
78400000,2,12.8923,-2118.97,0.963457,0.222055
78500000,3,19.072,-2111.27,0.871675,0.241407
78600000,5,31.384,-2106.32,3.84706,0.27756
78700000,3,20.2427,-2114.77,2.48399,0.217183
78800000,4,23.7061,-2112.8,5.74096,0.23436
78900000,3,24.486,-2117.01,0.434265,0.2674
79000000,9,58.0133,-2101.91,5.76848,0.308565
79100000,3,20.5735,-2113.97,2.28067,0.279875
79200000,4,22.8447,-2105.05,4.67836,0.333285
79300000,3,19.261,-2121.1,1.09435,0.256922
79400000,5,31.401,-2097.18,3.12373,0.29245
79500000,3,21.8426,-2113.92,2.36419,0.199584
79600000,7,46.5957,-2102.57,3.81425,0.281293
79700000,7,50.2804,-2105.45,2.10643,0.323627
79800000,3,20.3051,-2108.54,2.42825,0.25321
79900000,3,18.086,-2111.79,3.41995,0.225738
80000000,6,39.1966,-2105.07,3.37768,0.329483
80100000,5,27.7073,-2100.74,2.85588,0.35838
80200000,2,12.9624,-2120.45,0.558682,0.19017
80300000,5,22.4164,-2118.43,4.91493,0.291755
80400000,3,19.8595,-2108.39,2.4684,0.229483
80500000,6,40.1302,-2107.11,2.56213,0.24867
80600000,3,20.1739,-2119.28,1.57867,0.25627
80700000,3,16.1882,-2119.1,3.25709,0.267865
80800000,4,28.8221,-2112.75,1.45706,0.22122
80900000,4,24.9819,-2112.73,2.36673,0.252
81000000,3,16.0811,-2108.94,2.94596,0.229281
81100000,4,22.286,-2100.59,2.12552,0.236257
81200000,3,20.0416,-2108.59,1.27158,0.25273
81300000,5,33.7191,-2118.75,4.06094,0.245405
81400000,5,35.1711,-2103.24,2.89655,0.23066
81500000,3,20.4235,-2120.72,1.81683,0.243507
81600000,4,25.3799,-2113.54,0.384804,0.24293
81700000,3,18.4404,-2113.48,1.72169,0.226893
81800000,3,16.3401,-2106.54,2.75892,0.238682
81900000,4,25.2485,-2103.63,1.17616,0.225715
82000000,3,19.7483,-2116.16,2.91593,0.255723
82100000,3,17.7844,-2109.54,4.10709,0.22969
82200000,3,17.538,-2109.71,2.12896,0.246377
82300000,5,31.9898,-2101.58,2.14901,0.261903
82400000,4,22.8375,-2117.7,4.42681,0.24694
82500000,5,30.8127,-2098.18,2.50286,0.295965
82600000,4,23.7829,-2106.67,2.02173,0.33655
82700000,3,21.265,-2121.79,0.460225,0.248797
82800000,3,18.972,-2107.82,1.83787,0.264612
82900000,8,51.9076,-2104.59,3.42902,0.242147
83000000,3,19.8148,-2114.9,1.77247,0.24599
83100000,3,20.9286,-2117.07,1.95162,0.232375
83200000,3,18.274,-2109.5,2.83346,0.261628
83300000,7,42.9454,-2095.58,5.45866,0.321873
83400000,3,19.6492,-2115.47,1.94654,0.31522
83500000,3,20.2161,-2108.03,1.18357,0.24132
83600000,5,32.4053,-2113.39,5.52959,0.25875
83700000,4,27.3568,-2110.34,1.89193,0.26535
83800000,2,11.7486,-2115.54,0.808518,0.165124
83900000,3,20.2407,-2111.67,1.93205,0.272075
84000000,3,15.4868,-2119.85,2.80169,0.252149
84100000,3,19.4074,-2111.43,2.45076,0.25685
84200000,3,20.5106,-2116.4,1.41108,0.2483
84300000,4,27.607,-2106.45,2.65797,0.266585
84400000,3,19.4718,-2107.05,0.965747,0.246987
84500000,7,45.719,-2108.33,2.28897,0.25885
84600000,5,31.0223,-2104.21,1.86274,0.326557
84700000,3,20.5236,-2107.59,1.48755,0.269645
84800000,3,17.5271,-2107.89,1.0694,0.25588
84900000,3,16.8454,-2107.66,3.39257,0.25527
85000000,3,21.5571,-2119.28,1.33993,0.261507
85100000,3,21.7504,-2114.42,2.21074,0.306226
85200000,7,39.9583,-2105.1,3.68727,0.28523
85300000,3,20.0382,-2111.53,0.390143,0.30449
85400000,5,35.0155,-2114.56,2.8823,0.189979
85500000,7,44.5937,-2093.25,4.51555,0.3253
85600000,3,17.7944,-2116.41,1.80456,0.2524
85700000,7,48.4833,-2098.45,3.97173,0.32895
85800000,3,20.9238,-2109.21,0.500711,0.230327
85900000,10,61.3446,-2099.58,4.35459,0.278529
86000000,6,38.4511,-2110.97,1.32283,0.32554
86100000,5,27.9,-2110.6,2.30221,0.326925
86200000,4,25.8991,-2119.85,1.94213,0.3122
86300000,3,19.582,-2116.84,4.07094,0.27422
86400000,3,20.6149,-2111.07,2.3663,0.233578
86500000,4,23.8034,-2108.86,3.32825,0.23774
86600000,2,13.881,-2116.88,0.911366,0.216649
86700000,5,33.0465,-2104.61,3.36944,0.298582
86800000,2,9.74289,-2115.33,1.84655,0.208105
86900000,7,47.9974,-2097.3,2.75652,0.34122
87000000,4,22.6336,-2106.37,2.25992,0.29914
87100000,5,35.3219,-2111.97,2.01899,0.27877
87200000,3,19.6826,-2113.44,1.83364,0.26175
87300000,5,29.354,-2100.66,4.3129,0.267326
87400000,3,21.0882,-2119.89,1.40679,0.27609
87500000,4,25.8445,-2106.06,1.23606,0.27188
87600000,3,15.4955,-2107.32,3.2797,0.24166
87700000,3,16.5225,-2110.52,1.4522,0.26738
87800000,5,35.1585,-2102.67,1.07318,0.238281
87900000,3,21.2043,-2114.92,1.87853,0.259407
88000000,3,23.8557,-2115.47,1.75975,0.228418
88100000,4,27.9643,-2117.79,2.16582,0.249315
88200000,2,14.4035,-2117.05,1.51499,0.24718
88300000,3,18.5929,-2110.1,3.28884,0.250815
88400000,8,41.6972,-2104.53,8.21991,0.24728
88500000,3,19.24,-2107.68,0.970614,0.2476
88600000,3,22.6671,-2110.57,1.09639,0.243595
88700000,3,19.1528,-2114.94,1.69464,0.218395
88800000,4,26.418,-2113.22,2.03404,0.28835
88900000,3,21.2198,-2113.99,1.17201,0.236983
89000000,5,31.2548,-2103.48,2.24845,0.328485
89100000,3,20.6336,-2108.68,1.63455,0.301865
89200000,10,60.4494,-2092.03,7.84543,0.319985
89300000,4,26.4915,-2109.18,1.88062,0.253246
89400000,4,27.8293,-2113.32,1.78759,0.28905
89500000,1,10.815,-2135.94,0.332515,0.250346
89600000,6,42.4044,-2116.69,2.14623,0.291888
89700000,4,25.986,-2115.66,1.46516,0.28239
89800000,5,28.2808,-2104.37,2.11445,0.2456
89900000,3,20.4018,-2113.38,1.94017,0.22527
90000000,2,13.6986,-2116.07,1.07381,0.22036
90100000,2,12.7639,-2115.94,1.78603,0.230967
90200000,2,14.1746,-2117.06,0.651059,0.19793
90300000,2,12.96,-2124.15,1.27326,0.20708
90400000,4,28.5486,-2112.54,2.29163,0.24894
90500000,3,22.0139,-2111.22,1.87616,0.257543
90600000,3,18.3372,-2112.37,3.33588,0.23772
90700000,5,35.9542,-2122.11,3.04083,0.198014
90800000,3,16.2024,-2105.24,2.52704,0.24862
90900000,3,16.8495,-2108.92,4.33923,0.25224
91000000,5,35.7173,-2114.84,5.1853,0.243301
91100000,6,43.8169,-2098.29,2.74547,0.242793
91200000,9,55.2789,-2108.16,6.04352,0.3086
91300000,3,18.5162,-2108.78,0.566525,0.256402
91400000,3,18.6426,-2108.92,0.413356,0.276855
91500000,9,57.1889,-2090.04,4.08046,0.307725
91600000,3,20.0228,-2118.7,1.82558,0.2761
91700000,6,34.9466,-2110.08,3.9006,0.31402
91800000,5,29.9995,-2100.72,3.05875,0.32994
91900000,6,31.0106,-2108.77,4.80897,0.3491
92000000,3,19.4669,-2110.32,1.98318,0.274488
92100000,5,32.511,-2107.35,3.21214,0.25609
92200000,4,24.4565,-2100.93,2.16129,0.26746
92300000,5,26.7122,-2114.8,4.29082,0.265494
92400000,4,25.3175,-2106.77,3.44728,0.309892
92500000,3,20.934,-2112.92,1.81512,0.239222
92600000,6,34.5768,-2099.44,3.53504,0.27981
92700000,3,20.0339,-2118.99,2.41866,0.263703
92800000,3,23.4183,-2115.41,0.523685,0.25243
92900000,3,18.8496,-2117.14,1.64315,0.225603
93000000,2,13.5005,-2116.93,0.477614,0.17239
93100000,3,17.908,-2112.67,1.53141,0.232967
93200000,4,26.8916,-2112.31,2.63401,0.271957
93300000,6,42.2903,-2110.37,3.84836,0.22077
93400000,3,17.5064,-2108.77,3.29007,0.231383
93500000,3,17.767,-2111.26,2.37138,0.24587
93600000,5,36.4872,-2121.69,2.4925,0.22902
93700000,4,25.7957,-2109.6,2.70239,0.25217
93800000,7,45.2038,-2094.91,4.00948,0.32628
93900000,5,34.4356,-2109.3,2.51628,0.25756
94000000,3,19.0781,-2107.85,1.93237,0.249972
94100000,3,17.5332,-2105.19,2.27711,0.257607
94200000,3,16.9291,-2109.19,1.73964,0.2353
94300000,7,41.018,-2105.6,3.22695,0.339514
94400000,4,26.4739,-2112.53,3.09907,0.248583
94500000,4,23.6117,-2111.4,3.33096,0.25831
94600000,3,19.6192,-2108.55,1.28106,0.23028
94700000,4,27.903,-2116.46,2.81622,0.266145
94800000,6,37.698,-2096.44,3.36995,0.323488
94900000,7,36.9058,-2106.77,5.07603,0.304947
95000000,3,17.7855,-2115.3,0.712231,0.2494
95100000,3,20.8219,-2113.65,1.05812,0.206967
95200000,5,34.6213,-2104.83,1.82039,0.264105
95300000,5,33.3661,-2120.27,1.63185,0.28377
95400000,7,46.8293,-2116.64,5.91906,0.289603
95500000,3,16.784,-2112.82,2.84162,0.252487
95600000,4,23.9868,-2112.24,2.98204,0.231393
95700000,3,19.5047,-2114.77,3.49657,0.25292
95800000,5,35.4658,-2110.16,2.31813,0.234377
95900000,3,19.5045,-2120.43,2.01108,0.26377
96000000,3,20.8997,-2111.43,1.34134,0.218552
96100000,4,25.8943,-2109.63,2.53776,0.26046
96200000,5,30.0762,-2116.2,2.41359,0.293034
96300000,4,27.2424,-2114.49,1.76629,0.263517
96400000,3,18.3824,-2120.11,3.4681,0.25247
96500000,4,26.8061,-2115.72,1.90052,0.308603
96600000,8,53.8726,-2102.14,2.66323,0.31635
96700000,7,43.1489,-2092.17,2.34137,0.29237
96800000,9,56.8386,-2087.37,6.55875,0.2853
96900000,3,22.1754,-2122.25,1.52857,0.240915
97000000,5,27.6032,-2111.22,6.34811,0.24535
97100000,3,19.1643,-2119.04,4.39229,0.2557
97200000,5,33.4974,-2102.65,2.56951,0.267
97300000,4,28.2478,-2119.45,1.78848,0.293132
97400000,7,46.2258,-2103.85,1.64522,0.29267
97500000,4,21.7484,-2104.78,2.45206,0.26653
97600000,5,28.7963,-2108.33,3.15453,0.329245
97700000,4,25.8076,-2110.89,3.86187,0.254405
97800000,3,17.6599,-2113.61,4.45513,0.25047
97900000,3,21.0229,-2108.46,1.01382,0.257009
98000000,4,22.4325,-2115.58,4.76875,0.224145
98100000,2,11.8855,-2117.88,0.860775,0.218647
98200000,4,20.959,-2100.63,3.1999,0.202805
98300000,2,13.5771,-2121.43,0.475527,0.262236
98400000,3,17.1799,-2107.1,3.07811,0.224565
98500000,3,22.6653,-2120.71,2.18467,0.248935
98600000,3,21.6488,-2115.95,1.19641,0.244791
98700000,3,21.1254,-2108.77,2.51232,0.2175
98800000,3,20.9472,-2116.61,0.88599,0.22447
98900000,3,19.1892,-2116.43,3.17254,0.25874
99000000,5,28.274,-2115.42,2.74991,0.25841
99100000,2,13.574,-2118.53,0.957888,0.234931
99200000,6,39.4024,-2088.01,2.71976,0.31857
99300000,2,14.0657,-2117.99,1.62897,0.197405
99400000,2,13.3327,-2118.17,1.33269,0.20532
99500000,3,18.9994,-2108.08,2.31611,0.29721
99600000,4,19.3555,-2115.74,4.51922,0.22891
99700000,3,19.8868,-2107.42,2.26812,0.2823
99800000,3,21.7628,-2116.19,1.74696,0.220516
99900000,4,30.8624,-2117.05,1.64568,0.2452
